            1732               1     27.6871E-03     31.7389E-03    -14.8603E-03    -12.3527E-03
            1733               1     30.2346E-03     30.3557E-03    -17.3890E-03    -16.1226E-03
            1734               1     29.5974E-03     30.9697E-03    -16.9782E-03    -16.9048E-03
            1735               1     30.6496E-03     31.2031E-03    -17.5738E-03    -17.0924E-03
            1736               1     29.3792E-03     31.2061E-03    -16.7323E-03    -16.9346E-03
            1737               1     27.5956E-03     28.8324E-03    -15.6821E-03    -15.4809E-03
            1738               1     23.9377E-03     27.3916E-03    -13.6217E-03    -14.6696E-03
            1739               1     17.6996E-03     20.0446E-03    -9.15131E-03    -11.4107E-03
            1740               1     22.7335E-03     22.6861E-03    -11.1171E-03    -12.3427E-03
            1741               1     31.1944E-03     29.7093E-03    -17.6693E-03    -16.2313E-03
            1742               1     31.6643E-03     30.7554E-03    -18.1731E-03    -17.1822E-03
            1743               1     31.5967E-03     32.5219E-03    -17.9839E-03    -17.9704E-03
            1744               1     31.6575E-03     31.7510E-03    -17.8714E-03    -17.2903E-03
            1745               1     29.5102E-03     31.5631E-03    -16.3234E-03    -16.8015E-03
            1746               1     26.3321E-03     28.5763E-03    -14.5451E-03    -15.4935E-03
            1747               1     18.8238E-03     17.2858E-03    -10.1308E-03    -9.77355E-03
            1748               1     17.9817E-03     20.7393E-03    -10.2645E-03    -11.6258E-03
            1749               1     26.5627E-03     28.0430E-03    -14.9754E-03    -16.0209E-03
            1750               1     32.3300E-03     32.3153E-03    -18.4369E-03    -18.2563E-03
            1751               1     33.3519E-03     32.9027E-03    -18.9412E-03    -18.4120E-03
            1752               1     33.2171E-03     33.8922E-03    -18.4941E-03    -18.5171E-03
            1753               1     32.3024E-03     32.3623E-03    -17.6218E-03    -17.3320E-03
            1754               1     28.5786E-03     26.7965E-03    -14.9726E-03    -14.0409E-03
            1755               1     19.9330E-03     20.2121E-03    -9.88592E-03    -9.13503E-03
            1756               1     18.1150E-03     19.9913E-03    -10.4171E-03    -11.4454E-03
            1757               1     25.5449E-03     27.4796E-03    -14.7340E-03    -15.8235E-03
            1758               1     30.7826E-03     31.9814E-03    -17.5670E-03    -18.3261E-03
            1759               1     34.1667E-03     34.5006E-03    -19.2994E-03    -19.4146E-03
            1760               1     34.7822E-03     34.3713E-03    -19.2619E-03    -18.8783E-03
            1761               1     33.9120E-03     32.5841E-03    -18.0405E-03    -17.2383E-03
            1762               1     29.8724E-03     29.1091E-03    -14.9887E-03    -13.9923E-03
            1763               1     25.0876E-03     22.8142E-03    -9.84496E-03    -8.99374E-03
            1764               1     19.2653E-03     20.3410E-03    -10.3749E-03    -11.3120E-03
            1765               1     25.2926E-03     27.3388E-03    -14.5844E-03    -15.7008E-03
            1766               1     30.4062E-03     31.8150E-03    -17.4922E-03    -18.3100E-03
            1767               1     33.9082E-03     34.2958E-03    -19.1516E-03    -19.4916E-03
            1768               1     35.6665E-03     35.2519E-03    -19.4996E-03    -19.3603E-03
            1769               1     34.5954E-03     33.5189E-03    -18.0484E-03    -17.2122E-03
            1770               1     32.8855E-03     30.7141E-03    -15.1527E-03    -14.1561E-03
            1771               1     28.6668E-03     28.5698E-03    -10.2569E-03    -9.18046E-03
            1772               1     19.9647E-03     22.9513E-03    -10.0158E-03    -11.0453E-03
            1773               1     25.8464E-03     27.3227E-03    -14.5322E-03    -15.5058E-03
            1774               1     31.1041E-03     31.5235E-03    -17.9280E-03    -18.1818E-03
            1775               1     33.4476E-03     32.9553E-03    -18.7768E-03    -18.7631E-03
            1776               1     34.2468E-03     34.4482E-03    -18.5818E-03    -19.1424E-03
            1777               1     36.3691E-03     35.9607E-03    -18.3565E-03    -18.4846E-03
            1778               1     35.0528E-03     34.1780E-03    -15.5311E-03    -14.2264E-03
            1779               1     35.2137E-03     31.7803E-03    -10.2796E-03    -9.18122E-03
            1780               1     26.4983E-03     25.0210E-03    -10.6341E-03    -11.2941E-03
            1781               1     29.6000E-03     28.8491E-03    -16.6472E-03    -15.5434E-03
            1782               1     29.8632E-03     29.0421E-03    -17.1602E-03    -16.7243E-03
            1783               1     30.9172E-03     31.1594E-03    -17.3206E-03    -17.9001E-03
            1784               1     33.6217E-03     32.1567E-03    -17.8217E-03    -17.8428E-03
            1785               1     34.8869E-03     34.5438E-03    -17.2382E-03    -18.3882E-03
            1786               1     39.9873E-03     39.8036E-03    -16.6752E-03    -17.9014E-03
            1787               1     40.1157E-03     42.3557E-03    -11.9934E-03    -10.7765E-03
            1788               1     29.9571E-03     35.0839E-03    -14.1606E-03    -11.6303E-03
            1789               1     27.0819E-03     27.6376E-03    -15.5050E-03    -14.5479E-03
            1790               1     26.1223E-03     26.6145E-03    -15.0196E-03    -15.1865E-03
            1791               1     28.7543E-03     27.2385E-03    -15.8808E-03    -15.6836E-03
            1792               1     30.8228E-03     29.3739E-03    -16.0190E-03    -16.5342E-03
            1793               1     34.2453E-03     30.5933E-03    -16.0405E-03    -16.1110E-03
            1794               1     40.2522E-03     36.2909E-03    -16.6148E-03    -18.1775E-03
            1795               1     54.9042E-03     45.3876E-03    -15.1677E-03    -17.0763E-03
            1796               1     28.1838E-03     31.3179E-03    -15.9843E-03    -13.4506E-03
            1797               1     34.1038E-03     34.1852E-03    -19.5733E-03    -17.8145E-03
            1798               1     34.4372E-03     36.6007E-03    -18.9028E-03    -18.4290E-03
            1799               1     37.2869E-03     39.0296E-03    -19.1268E-03    -18.2692E-03
            1800               1     38.3394E-03     41.0152E-03    -17.1430E-03    -16.9905E-03
            1801               1     40.0212E-03     42.3275E-03    -14.9577E-03    -14.5507E-03
            1802               1     39.0319E-03     42.9905E-03    -10.2734E-03    -10.8782E-03
            1803               1     33.9511E-03     41.9724E-03    -2.88462E-03    -5.43777E-03
            1804               1     22.3076E-03     23.8977E-03    -11.9051E-03    -13.7079E-03
            1805               1     33.8532E-03     31.2714E-03    -18.9661E-03    -16.8640E-03
            1806               1     35.5178E-03     34.0731E-03    -19.3439E-03    -17.4431E-03
            1807               1     37.7804E-03     38.4195E-03    -18.5605E-03    -17.6636E-03
            1808               1     41.2691E-03     42.0193E-03    -17.6938E-03    -16.4778E-03
            1809               1     43.8609E-03     46.2094E-03    -15.0667E-03    -14.9592E-03
            1810               1     46.9039E-03     49.9213E-03    -12.0235E-03    -12.8801E-03
            1811               1     49.6343E-03     47.3714E-03    -7.97844E-03    -8.66611E-03
            1812               1     19.4936E-03     21.9361E-03    -10.9281E-03    -12.6168E-03
            1813               1     28.5824E-03     29.2112E-03    -15.7212E-03    -16.5169E-03
            1814               1     36.0104E-03     34.4730E-03    -19.0867E-03    -18.0082E-03
            1815               1     39.5403E-03     38.5578E-03    -19.0529E-03    -17.7262E-03
            1816               1     43.8690E-03     44.2114E-03    -18.1336E-03    -17.4360E-03
            1817               1     48.6479E-03     49.3854E-03    -16.5198E-03    -15.9685E-03
            1818               1     52.7431E-03     52.1969E-03    -14.0067E-03    -13.7649E-03
            1819               1     53.2609E-03     54.6628E-03    -9.06013E-03    -8.93153E-03
            1820               1     20.5886E-03     22.2273E-03    -11.2972E-03    -12.1547E-03
            1821               1     26.8917E-03     28.1341E-03    -15.3114E-03    -16.0616E-03
            1822               1     34.0407E-03     34.0043E-03    -17.7675E-03    -18.0790E-03
            1823               1     40.8589E-03     40.0705E-03    -19.4055E-03    -18.8348E-03
            1824               1     46.2400E-03     45.7752E-03    -18.7940E-03    -18.0276E-03
            1825               1     51.8619E-03     51.0766E-03    -17.4881E-03    -16.7235E-03
            1826               1     55.6279E-03     55.8012E-03    -14.2546E-03    -13.6655E-03
            1827               1     60.9760E-03     59.1635E-03    -8.98858E-03    -8.84744E-03
            1828               1     22.1974E-03     23.0599E-03    -11.1530E-03    -12.0265E-03
            1829               1     25.9903E-03     27.5228E-03    -14.9163E-03    -15.8733E-03
            1830               1     33.3519E-03     34.2068E-03    -17.8920E-03    -18.4825E-03
            1831               1     40.6594E-03     40.4107E-03    -19.0608E-03    -19.1355E-03
            1832               1     47.9299E-03     47.2119E-03    -19.3980E-03    -18.9627E-03
            1833               1     53.8440E-03     53.3514E-03    -17.6289E-03    -16.8086E-03
            1834               1     60.1760E-03     58.5955E-03    -14.3733E-03    -13.6156E-03
            1835               1     65.6487E-03     65.3360E-03    -9.53630E-03    -8.90785E-03
            1836               1     23.9433E-03     25.3484E-03    -11.0171E-03    -11.6549E-03
            1837               1     26.1736E-03     27.6786E-03    -15.0050E-03    -15.9258E-03
            1838               1     32.4144E-03     33.5073E-03    -17.6043E-03    -18.5250E-03
            1839               1     40.6946E-03     41.1682E-03    -19.3823E-03    -19.8527E-03
            1840               1     48.3095E-03     48.0028E-03    -19.2027E-03    -19.0461E-03
            1841               1     56.5031E-03     55.3739E-03    -17.9890E-03    -17.3906E-03
            1842               1     63.4834E-03     63.0622E-03    -14.6747E-03    -13.6951E-03
            1843               1     72.3036E-03     69.8887E-03    -9.38806E-03    -8.65466E-03
            1844               1     27.3826E-03     27.2155E-03    -11.1605E-03    -11.4306E-03
            1845               1     26.2253E-03     27.9147E-03    -14.8281E-03    -15.6663E-03
            1846               1     31.5817E-03     32.9479E-03    -17.5192E-03    -18.4672E-03
            1847               1     39.7893E-03     40.1972E-03    -19.1091E-03    -19.9153E-03
            1848               1     49.5939E-03     49.7905E-03    -19.5872E-03    -20.1004E-03
            1849               1     57.8078E-03     57.5322E-03    -17.8955E-03    -17.2768E-03
            1850               1     67.8775E-03     66.0101E-03    -14.9967E-03    -14.1693E-03
            1851               1     76.9228E-03     76.5816E-03    -10.3727E-03    -9.32625E-03
            1852               1     28.6850E-03     31.2038E-03    -10.2465E-03    -10.7038E-03
            1853               1     26.7875E-03     27.6574E-03    -14.4880E-03    -15.0612E-03
            1854               1     31.4184E-03     31.9490E-03    -17.6743E-03    -18.2787E-03
            1855               1     39.2748E-03     38.9335E-03    -18.5743E-03    -19.2859E-03
            1856               1     47.7991E-03     47.6851E-03    -18.6392E-03    -19.9996E-03
            1857               1     60.8655E-03     61.2366E-03    -18.8861E-03    -19.7860E-03
            1858               1     70.9420E-03     71.4053E-03    -15.8197E-03    -14.3216E-03
            1859               1     83.8094E-03     79.9460E-03    -10.4775E-03    -9.16740E-03
            1860               1     35.8382E-03     33.7369E-03    -10.5592E-03    -10.3949E-03
            1861               1     29.6527E-03     29.6750E-03    -15.9458E-03    -15.0327E-03
            1862               1     29.1996E-03     28.4890E-03    -16.2221E-03    -16.3068E-03
            1863               1     35.6036E-03     34.9935E-03    -16.6393E-03    -17.8622E-03
            1864               1     47.2336E-03     44.9231E-03    -17.5529E-03    -18.4438E-03
            1865               1     58.5958E-03     56.5429E-03    -18.0995E-03    -20.2370E-03
            1866               1     77.5485E-03     77.0933E-03    -18.9193E-03    -20.6836E-03
            1867               1     89.6686E-03     92.6809E-03    -13.9473E-03    -11.9045E-03
            1868               1     37.5619E-03     42.9717E-03    -13.9630E-03    -11.4370E-03
            1869               1     24.7901E-03     26.0874E-03    -13.7116E-03    -13.0299E-03
            1870               1     23.2469E-03     22.9302E-03    -12.8529E-03    -13.2145E-03
            1871               1     31.7779E-03     28.3491E-03    -13.7548E-03    -13.8941E-03
            1872               1     42.9883E-03     38.3798E-03    -14.9513E-03    -15.8600E-03
            1873               1     57.1327E-03     49.8399E-03    -16.1053E-03    -16.5954E-03
            1874               1     75.0262E-03     65.7975E-03    -19.9505E-03    -22.2452E-03
            1875               1     106.669E-03     91.8587E-03    -22.4262E-03    -23.9091E-03
            1876               1     29.2500E-03     29.1764E-03    -16.7835E-03    -14.2433E-03
            1877               1     38.2965E-03     38.0060E-03    -22.0392E-03    -19.7903E-03
            1878               1     40.6740E-03     43.7250E-03    -21.0768E-03    -20.2373E-03
            1879               1     48.8643E-03     51.3089E-03    -21.1894E-03    -19.9153E-03
            1880               1     56.3874E-03     58.5089E-03    -17.8098E-03    -17.2243E-03
            1881               1     66.5004E-03     67.2918E-03    -14.3751E-03    -13.6406E-03
            1882               1     74.6066E-03     75.0255E-03    -6.40574E-03    -6.35265E-03
            1883               1     85.1716E-03     88.3376E-03     4.74166E-03     1.83913E-03
            1884               1     22.7083E-03     27.3483E-03    -12.5953E-03    -15.2034E-03
            1885               1     35.7247E-03     32.1226E-03    -20.0260E-03    -17.3962E-03
            1886               1     41.0753E-03     39.1570E-03    -20.6901E-03    -17.8947E-03
            1887               1     49.1398E-03     49.3338E-03    -19.1350E-03    -17.3207E-03
            1888               1     60.7680E-03     61.4394E-03    -17.6893E-03    -15.6470E-03
            1889               1     72.2579E-03     73.7862E-03    -13.7683E-03    -12.7795E-03
            1890               1     86.7914E-03     89.7948E-03    -9.23096E-03    -9.74517E-03
            1891               1     99.6160E-03     97.7959E-03    -5.62495E-03    -7.33809E-03
            1892               1     23.1664E-03     24.9207E-03    -11.1778E-03    -13.4282E-03
            1893               1     30.1526E-03     30.3232E-03    -16.4098E-03    -17.1996E-03
            1894               1     41.0789E-03     38.0131E-03    -19.4400E-03    -17.5584E-03
            1895               1     51.6211E-03     50.1033E-03    -19.2895E-03    -17.0853E-03
            1896               1     64.5449E-03     64.3116E-03    -17.7794E-03    -16.1874E-03
            1897               1     79.0744E-03     80.1518E-03    -15.4578E-03    -14.3877E-03
            1898               1     93.0939E-03     93.2388E-03    -13.2459E-03    -13.5222E-03
            1899               1     103.178E-03     103.823E-03    -8.37180E-03    -8.64644E-03
            1900               1     25.1346E-03     26.9804E-03    -11.7921E-03    -12.7614E-03
            1901               1     27.2910E-03     28.0611E-03    -15.3538E-03    -15.9785E-03
            1902               1     39.6481E-03     38.3129E-03    -18.0576E-03    -17.9816E-03
            1903               1     53.4995E-03     51.4023E-03    -19.2818E-03    -17.9456E-03
            1904               1     67.7177E-03     67.0413E-03    -18.4094E-03    -17.1392E-03
            1905               1     83.1894E-03     82.5824E-03    -17.2162E-03    -16.3594E-03
            1906               1     96.3835E-03     96.1469E-03    -13.6899E-03    -13.2914E-03
            1907               1     111.084E-03     109.122E-03    -8.35689E-03    -8.73909E-03
            1908               1     27.5590E-03     28.2003E-03    -11.3262E-03    -12.4114E-03
            1909               1     27.0553E-03     28.0318E-03    -15.3493E-03    -16.1089E-03
            1910               1     38.2793E-03     37.8415E-03    -17.7989E-03    -17.9793E-03
            1911               1     53.7740E-03     52.7653E-03    -19.0312E-03    -18.8365E-03
            1912               1     70.1502E-03     68.8058E-03    -19.1877E-03    -18.3565E-03
            1913               1     85.2288E-03     84.3467E-03    -17.2185E-03    -16.4339E-03
            1914               1     101.434E-03     99.9837E-03    -14.1784E-03    -13.6588E-03
            1915               1     116.861E-03     114.924E-03    -9.19481E-03    -8.68924E-03
            1916               1     30.4703E-03     30.7833E-03    -11.8792E-03    -12.1421E-03
            1917               1     26.4047E-03     27.7845E-03    -15.1005E-03    -15.9641E-03
            1918               1     37.5387E-03     38.0512E-03    -17.8475E-03    -18.6586E-03
            1919               1     53.7568E-03     53.0691E-03    -19.2634E-03    -19.3493E-03
            1920               1     70.7776E-03     70.1158E-03    -19.1039E-03    -19.0219E-03
            1921               1     88.4385E-03     87.2498E-03    -17.6827E-03    -16.9014E-03
            1922               1     104.980E-03     103.257E-03    -14.1546E-03    -13.4073E-03
            1923               1     122.271E-03     120.522E-03    -9.22916E-03    -8.89916E-03
            1924               1     33.1920E-03     33.9596E-03    -11.3150E-03    -11.8622E-03
            1925               1     27.1338E-03     28.2682E-03    -15.3471E-03    -16.0864E-03
            1926               1     36.2608E-03     37.0377E-03    -17.8219E-03    -18.8240E-03
            1927               1     53.3183E-03     53.7566E-03    -19.3180E-03    -20.2516E-03
            1928               1     71.6563E-03     71.1743E-03    -19.2909E-03    -19.3297E-03
            1929               1     90.4113E-03     89.5125E-03    -17.8302E-03    -17.5350E-03
            1930               1     109.162E-03     108.159E-03    -14.5731E-03    -13.6246E-03
            1931               1     128.618E-03     125.390E-03    -9.27953E-03    -8.47648E-03
            1932               1     37.0402E-03     36.5877E-03    -11.5071E-03    -11.2862E-03
            1933               1     27.1576E-03     28.7394E-03    -15.0064E-03    -15.7877E-03
            1934               1     34.8305E-03     35.9367E-03    -17.5000E-03    -18.7327E-03
            1935               1     51.9265E-03     52.0812E-03    -19.2185E-03    -20.5627E-03
            1936               1     72.7244E-03     73.3774E-03    -19.7039E-03    -20.9431E-03
            1937               1     92.1978E-03     92.1849E-03    -17.9784E-03    -17.4862E-03
            1938               1     113.155E-03     111.232E-03    -15.0841E-03    -14.2744E-03
            1939               1     133.119E-03     132.023E-03    -10.7073E-03    -9.48387E-03
            1940               1     38.9240E-03     40.9992E-03    -10.2656E-03    -10.2216E-03
            1941               1     27.2011E-03     27.9463E-03    -14.1836E-03    -14.5708E-03
            1942               1     33.4396E-03     34.0236E-03    -17.3911E-03    -18.6004E-03
            1943               1     51.0736E-03     50.7629E-03    -18.3481E-03    -19.9664E-03
            1944               1     70.2692E-03     69.7947E-03    -18.9033E-03    -21.1184E-03
            1945               1     95.2860E-03     96.3494E-03    -19.6781E-03    -21.3063E-03
            1946               1     116.368E-03     117.481E-03    -16.3954E-03    -14.4754E-03
            1947               1     139.646E-03     135.003E-03    -10.9061E-03    -9.20847E-03
            1948               1     45.7429E-03     44.0567E-03    -10.1816E-03    -9.19434E-03
            1949               1     29.3130E-03     30.4230E-03    -15.0178E-03    -14.5370E-03
            1950               1     30.0547E-03     29.5301E-03    -15.0270E-03    -15.9088E-03
            1951               1     46.2241E-03     44.7941E-03    -15.9796E-03    -18.0247E-03
            1952               1     69.1174E-03     66.2188E-03    -17.3929E-03    -19.2217E-03
            1953               1     91.1566E-03     87.9437E-03    -19.2966E-03    -22.4163E-03
            1954               1     123.403E-03     123.148E-03    -21.6403E-03    -23.8643E-03
            1955               1     146.073E-03     149.567E-03    -16.3129E-03    -13.2108E-03
            1956               1     46.3243E-03     50.5403E-03    -13.4946E-03    -10.9902E-03
            1957               1     22.0959E-03     23.7208E-03    -11.4515E-03    -11.2121E-03
            1958               1     22.2955E-03     21.1299E-03    -10.4923E-03    -11.1580E-03
            1959               1     41.2784E-03     36.6678E-03    -11.4730E-03    -12.0300E-03
            1960               1     63.1445E-03     56.3211E-03    -13.9913E-03    -15.3363E-03
            1961               1     88.0854E-03     78.0082E-03    -16.4229E-03    -17.3215E-03
            1962               1     116.833E-03     103.350E-03    -23.8907E-03    -26.9292E-03
            1963               1     164.488E-03     144.977E-03    -30.5700E-03    -31.6038E-03
            1964               1     33.1699E-03     27.5101E-03    -17.5532E-03    -15.0047E-03
            1965               1     42.5021E-03     41.4905E-03    -24.5172E-03    -21.7980E-03
            1966               1     47.9287E-03     51.7073E-03    -23.5541E-03    -22.3623E-03
            1967               1     63.1059E-03     65.7973E-03    -23.4635E-03    -21.7608E-03
            1968               1     78.8516E-03     79.8315E-03    -18.7035E-03    -17.6662E-03
            1969               1     98.5869E-03     97.1592E-03    -13.8958E-03    -12.7791E-03
            1970               1     116.650E-03     113.200E-03    -2.31350E-03    -1.53687E-03
            1971               1     142.826E-03     141.354E-03     13.0061E-03     9.66624E-03
            1972               1     26.4719E-03     34.2177E-03    -13.1602E-03    -16.6098E-03
            1973               1     37.6007E-03     32.9526E-03    -21.1981E-03    -18.0654E-03
            1974               1     47.4793E-03     45.1123E-03    -22.0155E-03    -18.3595E-03
            1975               1     63.5578E-03     63.2587E-03    -19.8735E-03    -17.1559E-03
            1976               1     85.0659E-03     85.3850E-03    -17.7586E-03    -14.8104E-03
            1977               1     106.214E-03     106.893E-03    -12.4744E-03    -10.5241E-03
            1978               1     133.203E-03     136.441E-03    -6.32663E-03    -6.44068E-03
            1979               1     155.973E-03     154.598E-03    -3.12348E-03    -5.96359E-03
            1980               1     30.5958E-03     31.3226E-03    -11.3913E-03    -14.1787E-03
            1981               1     31.2220E-03     31.1386E-03    -16.9308E-03    -17.8149E-03
            1982               1     47.3249E-03     42.9105E-03    -19.9196E-03    -17.3146E-03
            1983               1     67.0518E-03     65.1164E-03    -19.5098E-03    -16.4110E-03
            1984               1     89.8189E-03     89.2202E-03    -17.5163E-03    -15.0333E-03
            1985               1     115.381E-03     116.948E-03    -14.4700E-03    -12.7684E-03
            1986               1     139.443E-03     140.140E-03    -12.5087E-03    -13.2991E-03
            1987               1     159.017E-03     158.842E-03    -7.77867E-03    -8.51490E-03
            1988               1     32.4445E-03     34.6879E-03    -11.8588E-03    -13.1066E-03
            1989               1     27.6361E-03     28.0328E-03    -15.4351E-03    -16.0231E-03
            1990               1     46.3985E-03     43.8346E-03    -18.1881E-03    -17.8058E-03
            1991               1     69.4657E-03     66.5668E-03    -19.2966E-03    -17.3331E-03
            1992               1     94.1253E-03     93.4450E-03    -18.1065E-03    -16.2490E-03
            1993               1     119.836E-03     119.401E-03    -17.0378E-03    -16.0956E-03
            1994               1     142.939E-03     142.389E-03    -13.3636E-03    -13.0613E-03
            1995               1     167.313E-03     164.687E-03    -7.80679E-03    -8.56477E-03
            1996               1     35.9502E-03     36.0907E-03    -11.3288E-03    -12.5399E-03
            1997               1     27.3774E-03     28.1098E-03    -15.3498E-03    -16.1142E-03
            1998               1     44.7535E-03     43.4449E-03    -17.7935E-03    -17.7816E-03
            1999               1     70.2902E-03     68.6507E-03    -18.9641E-03    -18.5053E-03
            2000               1     96.9318E-03     95.3202E-03    -19.1635E-03    -18.1287E-03
            2001               1     122.051E-03     120.977E-03    -17.0754E-03    -16.1763E-03
            2002               1     148.326E-03     146.509E-03    -14.0860E-03    -13.6668E-03
            2003               1     173.461E-03     170.418E-03    -9.17498E-03    -8.73903E-03
            2004               1     38.8839E-03     39.1330E-03    -11.8791E-03    -12.1421E-03
            2005               1     26.6904E-03     27.9383E-03    -15.1005E-03    -15.9641E-03
            2006               1     43.9674E-03     43.7493E-03    -17.8475E-03    -18.6586E-03
            2007               1     70.3009E-03     69.0823E-03    -19.2634E-03    -19.3493E-03
            2008               1     97.6314E-03     96.6527E-03    -19.1039E-03    -19.0219E-03
            2009               1     125.593E-03     124.165E-03    -17.6827E-03    -16.9014E-03
            2010               1     151.850E-03     149.522E-03    -14.1546E-03    -13.4073E-03
            2011               1     178.679E-03     176.160E-03    -9.22916E-03    -8.89916E-03
            2012               1     42.3653E-03     42.7565E-03    -11.3124E-03    -11.7336E-03
            2013               1     27.4913E-03     28.4551E-03    -15.3465E-03    -16.0811E-03
            2014               1     42.2136E-03     42.4156E-03    -17.8273E-03    -19.0217E-03
            2015               1     69.7787E-03     69.7706E-03    -19.3852E-03    -20.5827E-03
            2016               1     98.5358E-03     97.8400E-03    -19.3151E-03    -19.5575E-03
            2017               1     127.408E-03     126.309E-03    -17.9734E-03    -17.7927E-03
            2018               1     156.173E-03     154.800E-03    -14.6655E-03    -13.6166E-03
            2019               1     185.273E-03     180.928E-03    -9.29937E-03    -8.42668E-03
            2020               1     46.2533E-03     45.8240E-03    -11.4404E-03    -10.9409E-03
            2021               1     27.4424E-03     29.0242E-03    -14.9251E-03    -15.7430E-03
            2022               1     40.3245E-03     40.7732E-03    -17.3695E-03    -18.9085E-03
            2023               1     67.6906E-03     67.3371E-03    -19.2037E-03    -21.1752E-03
            2024               1     99.4578E-03     100.190E-03    -20.0069E-03    -21.8334E-03
            2025               1     129.152E-03     129.307E-03    -18.1568E-03    -17.7500E-03
            2026               1     159.971E-03     157.694E-03    -15.4104E-03    -14.5045E-03
            2027               1     189.455E-03     187.695E-03    -11.2574E-03    -9.65818E-03
            2028               1     48.7080E-03     50.3699E-03    -10.0521E-03    -9.47114E-03
            2029               1     26.9500E-03     27.6818E-03    -13.6625E-03    -13.9556E-03
            2030               1     37.4688E-03     37.6749E-03    -16.9116E-03    -18.8442E-03
            2031               1     66.4335E-03     65.8622E-03    -18.1277E-03    -20.6406E-03
            2032               1     95.9186E-03     95.0776E-03    -19.1664E-03    -22.2725E-03
            2033               1     132.145E-03     133.694E-03    -20.6659E-03    -22.9256E-03
            2034               1     163.098E-03     164.738E-03    -17.1326E-03    -14.6985E-03
            2035               1     195.670E-03     190.167E-03    -11.4992E-03    -9.34002E-03
            2036               1     54.9141E-03     54.0590E-03    -9.61665E-03    -7.78795E-03
            2037               1     28.3129E-03     30.4929E-03    -13.8456E-03    -13.8678E-03
            2038               1     33.2184E-03     32.6245E-03    -13.7015E-03    -15.4440E-03
            2039               1     60.2610E-03     58.0889E-03    -15.2410E-03    -18.1895E-03
            2040               1     93.9590E-03     90.4782E-03    -17.3235E-03    -20.0583E-03
            2041               1     125.759E-03     121.604E-03    -20.5905E-03    -24.6717E-03
            2042               1     170.413E-03     170.421E-03    -24.5447E-03    -27.1688E-03
            2043               1     202.693E-03     206.642E-03    -18.8144E-03    -14.5853E-03
            2044               1     54.7232E-03     57.0704E-03    -12.7249E-03    -10.2288E-03
            2045               1     19.2370E-03     20.6622E-03    -8.97351E-03    -9.20441E-03
            2046               1     24.4574E-03     22.8540E-03    -8.01509E-03    -9.03309E-03
            2047               1     54.5752E-03     49.3790E-03    -9.19895E-03    -10.1845E-03
            2048               1     86.0426E-03     77.4871E-03    -13.0976E-03    -14.8944E-03
            2049               1     120.905E-03     108.286E-03    -16.9022E-03    -18.1830E-03
            2050               1     159.608E-03     142.237E-03    -27.9829E-03    -31.7449E-03
            2051               1     222.420E-03     198.448E-03    -38.8345E-03    -39.4309E-03
            2052               1     40.3654E-03     28.5469E-03    -18.3588E-03    -15.9646E-03
            2053               1     46.4803E-03     44.1748E-03    -26.8087E-03    -23.9960E-03
            2054               1     55.8542E-03     59.7782E-03    -26.7714E-03    -25.4962E-03
            2055               1     77.7549E-03     80.4671E-03    -26.0389E-03    -24.1364E-03
            2056               1     101.960E-03     101.981E-03    -20.2986E-03    -18.9366E-03
            2057               1     131.125E-03     127.774E-03    -13.8899E-03    -12.3301E-03
            2058               1     158.647E-03     151.715E-03     1.34364E-03     2.86990E-03
            2059               1     199.331E-03     193.920E-03     20.9305E-03     16.9175E-03
            2060               1     34.6892E-03     44.7612E-03    -13.5322E-03    -17.5856E-03
            2061               1     40.0605E-03     35.1759E-03    -22.7801E-03    -19.6705E-03
            2062               1     53.1732E-03     50.7925E-03    -23.2378E-03    -19.4721E-03
            2063               1     78.3493E-03     78.0678E-03    -21.3000E-03    -18.3219E-03
            2064               1     110.164E-03     110.616E-03    -18.1197E-03    -14.5279E-03
            2065               1     140.319E-03     140.867E-03    -11.7494E-03    -8.86768E-03
            2066               1     179.471E-03     183.777E-03    -3.89424E-03    -3.45377E-03
            2067               1     212.255E-03     211.028E-03    -818.160E-06    -4.75894E-03
            2068               1     42.3314E-03     42.3803E-03    -11.5082E-03    -14.5286E-03
            2069               1     31.1325E-03     32.2458E-03    -17.1912E-03    -18.5961E-03
            2070               1     53.0635E-03     48.5848E-03    -20.9812E-03    -18.6287E-03
            2071               1     82.4611E-03     80.9489E-03    -19.7631E-03    -16.6562E-03
            2072               1     115.240E-03     115.580E-03    -18.0557E-03    -15.3910E-03
            2073               1     152.214E-03     155.691E-03    -13.9480E-03    -11.5687E-03
            2074               1     185.566E-03     187.313E-03    -12.1801E-03    -13.1133E-03
            2075               1     213.521E-03     213.591E-03    -7.91767E-03    -8.90411E-03
            2076               1     44.1254E-03     47.4108E-03    -10.6280E-03    -12.1125E-03
            2077               1     27.8533E-03     28.5439E-03    -15.4819E-03    -16.4370E-03
            2078               1     51.1413E-03     48.1720E-03    -17.9411E-03    -18.4067E-03
            2079               1     84.9679E-03     83.0909E-03    -20.0384E-03    -19.0299E-03
            2080               1     120.296E-03     121.326E-03    -18.0733E-03    -16.4685E-03
            2081               1     156.300E-03     157.773E-03    -18.0010E-03    -17.3692E-03
            2082               1     189.205E-03     190.602E-03    -14.1687E-03    -13.1735E-03
            2083               1     223.308E-03     219.119E-03    -7.78527E-03    -8.06011E-03
            2084               1     49.1935E-03     49.0198E-03    -10.1639E-03    -10.6449E-03
            2085               1     25.1940E-03     27.0160E-03    -13.8364E-03    -15.0873E-03
            2086               1     48.6011E-03     46.9438E-03    -17.1182E-03    -18.2295E-03
            2087               1     83.8213E-03     82.1529E-03    -18.4125E-03    -19.8763E-03
            2088               1     123.111E-03     124.075E-03    -20.6882E-03    -21.7701E-03
            2089               1     157.939E-03     159.913E-03    -18.0880E-03    -17.0813E-03
            2090               1     194.624E-03     193.353E-03    -15.9727E-03    -14.9749E-03
            2091               1     227.997E-03     226.421E-03    -12.3166E-03    -10.1141E-03
            2092               1     51.1830E-03     53.4715E-03    -8.77212E-03    -8.14250E-03
            2093               1     23.5848E-03     24.5177E-03    -12.3164E-03    -12.9306E-03
            2094               1     44.2760E-03     42.4791E-03    -15.3837E-03    -17.8094E-03
            2095               1     82.8863E-03     81.1842E-03    -17.9549E-03    -20.5188E-03
            2096               1     118.509E-03     117.374E-03    -19.0202E-03    -22.2685E-03
            2097               1     161.991E-03     164.147E-03    -22.0302E-03    -24.2480E-03
            2098               1     197.399E-03     200.093E-03    -18.3236E-03    -15.1539E-03
            2099               1     234.224E-03     228.555E-03    -12.2478E-03    -9.41214E-03
            2100               1     56.9400E-03     56.8228E-03    -8.21891E-03    -6.05123E-03
            2101               1     23.2084E-03     26.1392E-03    -11.5363E-03    -12.1042E-03
            2102               1     40.1052E-03     38.1170E-03    -12.0955E-03    -14.4345E-03
            2103               1     75.3084E-03     71.6953E-03    -14.0045E-03    -17.5486E-03
            2104               1     116.390E-03     111.898E-03    -17.5734E-03    -20.6052E-03
            2105               1     153.291E-03     148.361E-03    -21.8123E-03    -26.3220E-03
            2106               1     205.357E-03     205.473E-03    -27.3261E-03    -29.9412E-03
            2107               1     242.603E-03     246.941E-03    -21.3060E-03    -15.7911E-03
            2108               1     55.3958E-03     57.2158E-03    -10.6622E-03    -8.01845E-03
            2109               1     13.1418E-03     14.7468E-03    -6.08533E-03    -6.67442E-03
            2110               1     31.4605E-03     28.5438E-03    -5.22635E-03    -6.59511E-03
            2111               1     69.3353E-03     62.6600E-03    -7.41570E-03    -8.63952E-03
            2112               1     106.544E-03     95.8079E-03    -12.4527E-03    -14.5323E-03
            2113               1     147.368E-03     132.202E-03    -17.8327E-03    -19.2617E-03
            2114               1     191.542E-03     171.031E-03    -31.5801E-03    -35.7170E-03
            2115               1     263.526E-03     236.317E-03    -45.2496E-03    -45.4045E-03
            2116               1     8.79936E-15     7.64427E-15    -1.34123E-15    -947.040E-18
            2117               1     3.06073E-15     3.08226E-15    -1.45669E-15    -1.59434E-15
            2118               1     4.09506E-15     4.11699E-15    -2.29036E-15    -2.28618E-15
            2119               1     4.25216E-15     4.72611E-15    -2.43874E-15    -2.70987E-15
            2120               1     3.44660E-15     2.92823E-15    -1.94607E-15    -1.67702E-15
            2121               1     4.47786E-15     4.36597E-15     1.13296E-15     1.05996E-15
            2122               1     5.72293E-15     6.08102E-15     3.25766E-15     3.46414E-15
            2123               1     1.74980E-15     1.19907E-15     361.416E-18     449.013E-18
            2124               1     457.435E-18     813.404E-18    -212.589E-18    -168.790E-18
            2125               1     2.61942E-15     2.11484E-15     1.48499E-15     1.18466E-15
            2126               1     1.57942E-15     1.25602E-15     839.926E-18     685.587E-18
            2127               1     1.05605E-15     1.21854E-15    -306.592E-18     306.592E-18
            2128               1     2.23597E-15     2.06653E-15     1.28849E-15     1.19047E-15
            2129               1     5.33405E-15     5.56937E-15    -2.00447E-15    -2.28604E-15
            2130               1     9.56212E-15     9.62816E-15    -5.51330E-15    -5.54667E-15
            2131               1     4.78013E-15     4.92019E-15    -1.54294E-15    -1.60343E-15
            2132               1     5.23899E-15     4.90766E-15    -2.94376E-15    -2.77691E-15
            2133               1     3.59118E-15     3.36836E-15    -1.94130E-15    -1.87248E-15
            2134               1     1.52880E-15     1.47573E-15    -737.729E-18    -787.785E-18
            2135               1     4.66726E-15     4.63926E-15    -2.68112E-15    -2.65818E-15
            2136               1     2.78244E-15     3.19066E-15    -1.59523E-15    -1.83717E-15
            2137               1     4.31396E-15     3.48488E-15    -2.41713E-15    -1.96872E-15
            2138               1     4.30033E-15     5.03280E-15    -2.45274E-15    -2.88656E-15
            2139               1     3.10451E-15     2.63677E-15    -1.73065E-15    -1.41572E-15
            3835               1     61.5669E-03     67.3962E-03     13.8250E-03     10.3202E-03
            3836               1     16.3066E-03     19.3173E-03     9.06600E-03     9.68895E-03
            3837               1     42.5520E-03     35.9121E-03     8.26575E-03     9.76160E-03
            3838               1     85.3720E-03     74.7373E-03     11.6216E-03     12.5072E-03
            3839               1     126.707E-03     112.576E-03     17.0466E-03     19.0641E-03
            3840               1     171.954E-03     153.657E-03     23.8455E-03     25.1786E-03
            3841               1     220.402E-03     196.587E-03     39.0889E-03     43.8773E-03
            3842               1     301.757E-03     269.738E-03     53.5736E-03     54.1969E-03
            3843               1     64.4334E-03     63.6176E-03     10.4569E-03     9.46971E-03
            3844               1     29.4014E-03     32.9290E-03     15.8101E-03     16.6633E-03
            3845               1     52.4407E-03     48.0700E-03     16.9917E-03     18.9204E-03
            3846               1     91.8654E-03     86.1111E-03     18.8521E-03     21.8724E-03
            3847               1     137.576E-03     131.542E-03     23.6223E-03     25.8246E-03
            3848               1     177.542E-03     172.117E-03     27.5105E-03     32.0079E-03
            3849               1     235.556E-03     236.385E-03     34.2455E-03     37.4611E-03
            3850               1     274.693E-03     280.749E-03     26.8235E-03     20.2509E-03
            3851               1     55.4495E-03     61.4084E-03     11.7991E-03     12.8334E-03
            3852               1     31.7688E-03     33.7848E-03     17.3055E-03     18.7179E-03
            3853               1     57.7003E-03     54.2259E-03     21.6722E-03     23.6389E-03
            3854               1     98.4264E-03     94.7734E-03     24.2634E-03     24.9494E-03
            3855               1     138.064E-03     137.540E-03     23.9211E-03     25.5447E-03
            3856               1     186.521E-03     191.121E-03     28.1234E-03     30.0490E-03
            3857               1     223.941E-03     229.563E-03     22.8405E-03     19.1069E-03
            3858               1     263.518E-03     257.443E-03     14.2374E-03     11.8644E-03
            3859               1     54.2582E-03     54.2225E-03     14.0193E-03     17.1164E-03
            3860               1     38.3711E-03     41.8973E-03     21.4616E-03     23.8237E-03
            3861               1     62.4396E-03     58.5142E-03     25.9494E-03     24.7361E-03
            3862               1     96.3844E-03     95.0549E-03     25.5812E-03     24.2732E-03
            3863               1     137.838E-03     140.254E-03     25.2747E-03     24.2998E-03
            3864               1     179.971E-03     186.272E-03     20.1450E-03     17.2174E-03
            3865               1     220.056E-03     222.952E-03     19.2069E-03     19.0795E-03
            3866               1     251.344E-03     253.350E-03     14.1032E-03     12.8511E-03
            3867               1     44.4457E-03     56.9293E-03     17.0009E-03     21.7194E-03
            3868               1     50.4216E-03     46.0314E-03     28.7467E-03     25.7872E-03
            3869               1     64.2283E-03     62.8743E-03     29.6091E-03     26.6349E-03
            3870               1     94.2557E-03     96.1519E-03     27.9990E-03     26.1976E-03
            3871               1     130.983E-03     133.589E-03     24.3616E-03     20.8920E-03
            3872               1     166.750E-03     169.766E-03     17.8722E-03     14.7028E-03
            3873               1     211.501E-03     219.199E-03     7.99675E-03     6.51023E-03
            3874               1     249.721E-03     247.671E-03     3.32647E-03     6.65872E-03
            3875               1     50.7782E-03     36.4704E-03     23.2903E-03     20.2826E-03
            3876               1     58.8841E-03     56.0199E-03     33.9015E-03     31.0107E-03
            3877               1     69.4552E-03     75.0404E-03     34.5143E-03     33.6606E-03
            3878               1     93.8015E-03     99.3777E-03     33.6908E-03     31.9709E-03
            3879               1     121.759E-03     125.613E-03     27.4859E-03     26.3410E-03
            3880               1     154.824E-03     154.982E-03     19.3986E-03     17.3902E-03
            3881               1     185.434E-03     180.943E-03     1.38974E-03    -638.552E-06
            3882               1     230.140E-03     227.483E-03    -22.3831E-03    -17.5048E-03
            3883               1     45.7199E-03     47.2392E-03     11.5968E-03     11.5180E-03
            3884               1     20.5781E-03     20.8971E-03     11.5968E-03     11.5180E-03
            3885               1     37.8895E-03     36.3435E-03     11.5968E-03     11.5180E-03
            3886               1     71.6015E-03     69.8857E-03     11.5968E-03     11.5180E-03
            3887               1     107.224E-03     105.481E-03     11.5968E-03     11.5180E-03
            3888               1     143.339E-03     141.589E-03     11.5968E-03     11.5180E-03
            3889               1     179.651E-03     177.898E-03     11.5968E-03     11.5180E-03
            3890               1     216.059E-03     214.305E-03     11.5968E-03     11.5180E-03
            3891               1     51.4534E-03     38.5030E-03    -11.2957E-03    -11.1434E-03
            3892               1     40.8137E-03     38.1805E-03    -21.9897E-03    -21.9275E-03
            3893               1     46.9643E-03     57.0662E-03    -22.3865E-03    -22.5116E-03
            3894               1     76.3511E-03     89.6765E-03    -23.1412E-03    -23.0071E-03
            3895               1     111.588E-03     126.071E-03    -22.7558E-03    -22.8372E-03
            3896               1     147.429E-03     162.249E-03    -21.0368E-03    -21.0421E-03
            3897               1     185.115E-03     200.147E-03    -16.3571E-03    -16.1663E-03
            3898               1     217.130E-03     231.511E-03     11.1171E-03     10.6519E-03
            3899               1     47.7379E-03     64.3945E-03    -14.3460E-03    -14.8500E-03
            3900               1     22.2618E-03     25.1771E-03    -12.2958E-03    -12.1447E-03
            3901               1     45.8611E-03     28.7861E-03    -9.41924E-03    -9.41094E-03
            3902               1     84.0224E-03     65.4701E-03    -9.36675E-03    -9.39884E-03
            3903               1     122.462E-03     103.621E-03    -9.65043E-03    -9.65641E-03
            3904               1     161.835E-03     142.967E-03    -10.9197E-03    -10.7708E-03
            3905               1     199.786E-03     181.017E-03    -17.6406E-03    -18.0469E-03
            3906               1     250.681E-03     232.245E-03    -37.4023E-03    -36.5312E-03
            3907               1     48.5803E-03     33.8454E-03    -17.6419E-03    -15.7476E-03
            3908               1     50.6854E-03     47.4805E-03    -29.0551E-03    -26.5343E-03
            3909               1     62.0418E-03     67.2342E-03    -28.9935E-03    -28.4531E-03
            3910               1     92.8134E-03     98.6130E-03    -29.3896E-03    -28.5127E-03
            3911               1     123.452E-03     127.438E-03    -21.9671E-03    -20.7566E-03
            3912               1     160.799E-03     161.219E-03    -15.3143E-03    -13.6132E-03
            3913               1     195.575E-03     190.796E-03     3.55074E-03     6.47313E-03
            3914               1     247.936E-03     241.731E-03     27.6852E-03     23.8741E-03
            3915               1     47.6334E-03     57.6144E-03    -13.7868E-03    -17.2411E-03
            3916               1     39.0830E-03     36.4675E-03    -22.0472E-03    -19.9716E-03
            3917               1     57.0265E-03     56.3111E-03    -23.2202E-03    -21.1841E-03
            3918               1     90.8317E-03     91.5648E-03    -21.3644E-03    -20.4797E-03
            3919               1     134.543E-03     137.717E-03    -19.8982E-03    -18.3953E-03
            3920               1     172.720E-03     176.461E-03    -12.2500E-03    -8.11808E-03
            3921               1     220.799E-03     227.877E-03    -4.24264E-03    -2.25929E-03
            3922               1     259.576E-03     261.232E-03    -2.47902E-03    -4.90695E-03
            3923               1     54.3463E-03     56.2415E-03    -8.95672E-03    -11.4513E-03
            3924               1     27.7587E-03     30.7437E-03    -14.6832E-03    -16.4882E-03
            3925               1     53.0329E-03     48.1906E-03    -18.4470E-03    -18.1591E-03
            3926               1     94.7791E-03     92.8199E-03    -18.1723E-03    -17.9101E-03
            3927               1     135.363E-03     134.526E-03    -17.8860E-03    -18.1731E-03
            3928               1     186.473E-03     193.410E-03    -18.1555E-03    -18.3962E-03
            3929               1     227.228E-03     235.070E-03    -16.4292E-03    -14.4246E-03
            3930               1     261.465E-03     259.487E-03    -11.0481E-03    -8.99112E-03
            3931               1     58.6212E-03     61.2024E-03    -7.43423E-03    -6.51354E-03
            3932               1     21.6327E-03     25.4083E-03    -11.1295E-03    -12.4110E-03
            3933               1     50.1194E-03     44.6673E-03    -11.3936E-03    -13.4293E-03
            3934               1     90.5551E-03     84.1101E-03    -14.0695E-03    -15.2907E-03
            3935               1     137.429E-03     133.040E-03    -15.8711E-03    -17.0288E-03
            3936               1     179.573E-03     175.952E-03    -22.2822E-03    -26.4504E-03
            3937               1     234.064E-03     237.177E-03    -28.0881E-03    -30.8141E-03
            3938               1     273.522E-03     279.215E-03    -20.8795E-03    -15.9659E-03
            3939               1     55.0298E-03     59.3671E-03    -9.03134E-03    -7.02542E-03
            3940               1     6.58969E-03     10.1258E-03    -3.32989E-03    -4.35945E-03
            3941               1     43.2433E-03     35.8163E-03    -3.32706E-03    -4.38141E-03
            3942               1     87.0057E-03     76.9341E-03    -4.82413E-03    -5.50968E-03
            3943               1     128.161E-03     115.670E-03    -12.0495E-03    -13.4424E-03
            3944               1     172.045E-03     156.466E-03    -17.5223E-03    -18.7197E-03
            3945               1     219.251E-03     198.263E-03    -34.3740E-03    -39.0556E-03
            3946               1     296.335E-03     268.228E-03    -50.9369E-03    -50.5167E-03
            5375               1     4.70743E-15     4.62442E-15     1.37676E-15     1.38823E-15
            5376               1     4.36453E-15     4.44179E-15     1.04410E-15     1.05348E-15
            5377               1     4.42981E-15     4.65655E-15     1.02406E-15     978.176E-18
            5378               1     5.64840E-15     5.89702E-15     2.30726E-15     2.36462E-15
            5379               1     3.90426E-15     3.86902E-15    -1.45199E-15    -1.59903E-15
            5380               1     5.92011E-15     5.56664E-15    -2.45505E-15    -2.31218E-15
            5381               1     4.65600E-15     4.72687E-15    -1.36551E-15    -1.49482E-15
            5382               1     4.78148E-15     5.23128E-15    -1.68075E-15    -1.75166E-15
            5383               1     1.62653E-15     1.35677E-15    -936.314E-18    -779.889E-18
            5384               1     3.31677E-15     3.46594E-15    -1.91233E-15    -1.99680E-15
            5385               1     2.43888E-15     2.27741E-15    -1.34197E-15    -1.20849E-15
            5386               1     2.23471E-15     2.15116E-15     491.323E-18     462.123E-18
            5387               1     2.20760E-15     2.18050E-15     267.784E-18     304.283E-18
            5388               1     701.145E-18     715.337E-18    -257.877E-18    -314.190E-18
            5389               1     1.42533E-15     1.06683E-15     673.744E-18     470.391E-18
            5390               1     2.45861E-15     2.77794E-15     854.898E-18     1.05199E-15
            5391               1     3.64712E-15     3.31363E-15     2.10391E-15     1.90056E-15
            5392               1     3.36002E-15     3.61842E-15     1.92976E-15     2.07471E-15
            5393               1     2.00548E-15     2.00855E-15     38.2868E-18    -109.795E-18
            5394               1     4.73575E-15     4.75115E-15    -1.44343E-15    -1.51225E-15
            5395               1     2.07238E-15     2.00584E-15     151.583E-18     229.795E-18
            5396               1     4.34925E-15     4.22277E-15     854.973E-18     861.230E-18
            5397               1     4.56936E-15     4.64563E-15     1.31292E-15     1.35672E-15
            5398               1     3.60433E-15     3.67286E-15     2.07777E-15     2.11739E-15
            5399               1     2.14612E-15     1.98950E-15    -201.564E-18    -370.503E-18
            5400               1     873.672E-18     785.546E-18    -462.272E-18    -443.501E-18
            5401               1     2.13453E-15     2.27919E-15    -509.125E-18    -587.337E-18
            5402               1     866.592E-18     980.111E-18     485.289E-18     563.501E-18
            5403               1     4.20924E-15     4.00997E-15     611.174E-18     532.961E-18
            5404               1     3.12483E-15     3.00160E-15    -1.36350E-15    -1.30615E-15
            5405               1     2.54753E-15     2.73718E-15    -1.47076E-15    -1.58026E-15
            5406               1     1.78730E-15     1.58592E-15    -898.846E-18    -626.667E-18
            5407               1     2.61975E-15     2.84984E-15    -1.04596E-15    -956.276E-18
            5408               1     1.04138E-15     982.724E-18     475.531E-18     525.587E-18
            5409               1     278.354E-18     427.477E-18    -78.2868E-18    -231.583E-18
            5410               1     1.56411E-15     1.49254E-15     750.243E-18     775.271E-18
            5411               1     2.00420E-15     2.14053E-15     301.155E-18     270.913E-18
            5412               1     2.51933E-15     2.28318E-15    -912.924E-18    -612.589E-18
            5413               1     2.15265E-15     1.84502E-15     1.23747E-15     1.05080E-15
            5414               1     3.42929E-15     3.18580E-15     1.97728E-15     1.83650E-15
            5415               1     4.13902E-15     3.32740E-15     2.37207E-15     1.91844E-15
            5416               1     3.97055E-15     4.37769E-15     2.29013E-15     2.52477E-15
            5417               1     2.99947E-15     2.74263E-15     1.73013E-15     1.58309E-15
            5418               1     2.26499E-15     2.59112E-15     1.27769E-15     1.48730E-15
            5419               1     3.72000E-15     3.55031E-15     2.14659E-15     2.04857E-15
            5420               1     1.55154E-15     1.78278E-15     799.703E-18     916.500E-18
            5421               1     3.09475E-15     2.93802E-15     1.76939E-15     1.66302E-15
            5422               1     3.42899E-15     3.91461E-15     1.96253E-15     2.23263E-15
            5423               1     3.78522E-15     3.66535E-15     2.17706E-15     2.11345E-15
            5424               1     3.05517E-15     3.26580E-15     1.74846E-15     1.87464E-15
            5425               1     4.28233E-15     4.15929E-15     2.46726E-15     2.39531E-15
            5426               1     2.46461E-15     2.49886E-15     1.42026E-15     1.44008E-15
            5427               1     5.92296E-15     6.01420E-15     3.40894E-15     3.45587E-15
            5428               1     4.31059E-15     4.33665E-15     2.47218E-15     2.48574E-15
            5429               1     2.67861E-15     2.63445E-15     1.53855E-15     1.51248E-15
            5430               1     3.72344E-15     3.62016E-15     2.13356E-15     2.06160E-15
            6229               1     64.4896E-03     69.0593E-03     16.8050E-03     13.4382E-03
            6230               1     25.7888E-03     27.8294E-03     13.1754E-03     13.1788E-03
            6231               1     31.4103E-03     29.0947E-03     11.9033E-03     13.0878E-03
            6232               1     64.6603E-03     57.7016E-03     13.6910E-03     14.6934E-03
            6233               1     99.8172E-03     89.1504E-03     17.9981E-03     20.0870E-03
            6234               1     139.202E-03     123.734E-03     22.3514E-03     23.7186E-03
            6235               1     183.352E-03     162.518E-03     34.6921E-03     39.1609E-03
            6236               1     256.372E-03     227.173E-03     46.4064E-03     47.5253E-03
            6237               1     64.4605E-03     62.7477E-03     12.8612E-03     10.9599E-03
            6238               1     36.2961E-03     38.5119E-03     18.5382E-03     18.3237E-03
            6239               1     42.4959E-03     41.4240E-03     18.7554E-03     20.5372E-03
            6240               1     71.4184E-03     68.6627E-03     20.3562E-03     23.7498E-03
            6241               1     109.211E-03     104.559E-03     23.1199E-03     26.0484E-03
            6242               1     144.241E-03     138.964E-03     26.5784E-03     31.2898E-03
            6243               1     194.960E-03     194.388E-03     31.1204E-03     34.3238E-03
            6244               1     230.936E-03     235.811E-03     23.8918E-03     18.8733E-03
            6245               1     55.9727E-03     58.5140E-03     12.9190E-03     12.4881E-03
            6246               1     34.4404E-03     35.6145E-03     18.1152E-03     18.6849E-03
            6247               1     47.1118E-03     47.3979E-03     22.1647E-03     24.3885E-03
            6248               1     79.2262E-03     78.2704E-03     24.1513E-03     26.8254E-03
            6249               1     111.037E-03     109.928E-03     25.1285E-03     28.6713E-03
            6250               1     151.682E-03     153.085E-03     27.1605E-03     29.6691E-03
            6251               1     185.498E-03     187.454E-03     22.7711E-03     19.7609E-03
            6252               1     221.787E-03     215.152E-03     15.3031E-03     12.4799E-03
            6253               1     53.0851E-03     52.6332E-03     14.5903E-03     14.4557E-03
            6254               1     34.5787E-03     36.8805E-03     19.1639E-03     20.3608E-03
            6255               1     50.6044E-03     51.4367E-03     22.9840E-03     24.8005E-03
            6256               1     80.2982E-03     79.8482E-03     25.0748E-03     27.3145E-03
            6257               1     115.712E-03     116.322E-03     26.6816E-03     28.5054E-03
            6258               1     147.404E-03     147.863E-03     24.2279E-03     23.5682E-03
            6259               1     181.517E-03     178.704E-03     20.6660E-03     19.3064E-03
            6260               1     213.381E-03     211.595E-03     15.0611E-03     12.8400E-03
            6261               1     47.6682E-03     49.1286E-03     14.4005E-03     15.0789E-03
            6262               1     35.2752E-03     37.0041E-03     19.9375E-03     21.1557E-03
            6263               1     52.6802E-03     52.7034E-03     23.0849E-03     24.5922E-03
            6264               1     83.1624E-03     82.9899E-03     26.0019E-03     26.9838E-03
            6265               1     113.716E-03     113.273E-03     25.3815E-03     25.4277E-03
            6266               1     145.819E-03     144.536E-03     24.2368E-03     23.6099E-03
            6267               1     175.777E-03     174.987E-03     19.8375E-03     18.3300E-03
            6268               1     207.451E-03     202.553E-03     12.4519E-03     11.3166E-03
            6269               1     44.1916E-03     44.4993E-03     14.8430E-03     16.2528E-03
            6270               1     34.7981E-03     36.5779E-03     19.7082E-03     21.0282E-03
            6271               1     55.0169E-03     54.5452E-03     24.0197E-03     24.5341E-03
            6272               1     83.1058E-03     81.5179E-03     25.0603E-03     24.8081E-03
            6273               1     113.026E-03     111.913E-03     25.9290E-03     25.0876E-03
            6274               1     141.803E-03     141.562E-03     23.1450E-03     21.8666E-03
            6275               1     171.115E-03     168.762E-03     18.8609E-03     18.0206E-03
            6276               1     198.525E-03     196.455E-03     12.8006E-03     12.0477E-03
            6277               1     39.1629E-03     42.4310E-03     15.0726E-03     16.7567E-03
            6278               1     36.8385E-03     37.8298E-03     20.7838E-03     21.7335E-03
            6279               1     56.7035E-03     54.1957E-03     23.8815E-03     23.7239E-03
            6280               1     82.3685E-03     79.6705E-03     26.0646E-03     24.0949E-03
            6281               1     110.046E-03     109.698E-03     24.2656E-03     22.1525E-03
            6282               1     138.377E-03     138.204E-03     22.8410E-03     21.6761E-03
            6283               1     164.238E-03     164.468E-03     18.2922E-03     17.7252E-03
            6284               1     191.953E-03     188.290E-03     10.7562E-03     11.3530E-03
            6285               1     37.2157E-03     38.5286E-03     15.0877E-03     18.4249E-03
            6286               1     40.1669E-03     40.5723E-03     22.0578E-03     23.2477E-03
            6287               1     58.8619E-03     54.1708E-03     26.6449E-03     23.7389E-03
            6288               1     79.7444E-03     77.7141E-03     25.7400E-03     22.2678E-03
            6289               1     104.467E-03     104.292E-03     23.6656E-03     20.9859E-03
            6290               1     133.110E-03     135.329E-03     19.8557E-03     17.8745E-03
            6291               1     159.756E-03     160.533E-03     16.9574E-03     17.7092E-03
            6292               1     180.636E-03     181.235E-03     10.7672E-03     11.6301E-03
            6293               1     32.4346E-03     41.3562E-03     17.0247E-03     21.0217E-03
            6294               1     49.2124E-03     43.6480E-03     27.8598E-03     24.0065E-03
            6295               1     58.7298E-03     56.0393E-03     28.3933E-03     24.2311E-03
            6296               1     75.8455E-03     75.9056E-03     26.3358E-03     23.3889E-03
            6297               1     99.2623E-03     99.9946E-03     23.6587E-03     20.2836E-03
            6298               1     121.962E-03     123.400E-03     17.4476E-03     15.4002E-03
            6299               1     151.388E-03     155.711E-03     9.99898E-03     10.3527E-03
            6300               1     176.819E-03     174.646E-03     5.32905E-03     8.60949E-03
            6301               1     41.9196E-03     36.7022E-03     22.9639E-03     19.5373E-03
            6302               1     53.7130E-03     52.4496E-03     30.9880E-03     27.7619E-03
            6303               1     59.7612E-03     64.1428E-03     30.2567E-03     28.9584E-03
            6304               1     75.5940E-03     78.9660E-03     30.0172E-03     28.0535E-03
            6305               1     92.1540E-03     94.0460E-03     24.6650E-03     23.5868E-03
            6306               1     113.292E-03     112.530E-03     18.9415E-03     17.6452E-03
            6307               1     131.946E-03     129.276E-03     5.44312E-03     4.80496E-03
            6308               1     158.419E-03     158.977E-03    -12.8636E-03    -8.54497E-03
            6309               1     55.2090E-03     61.6119E-03     17.8315E-03     14.4548E-03
            6310               1     29.7992E-03     31.7331E-03     16.1441E-03     15.6093E-03
            6311               1     29.9256E-03     28.5556E-03     14.9622E-03     15.7329E-03
            6312               1     49.8776E-03     43.9733E-03     16.4121E-03     16.9201E-03
            6313               1     73.3121E-03     65.0263E-03     19.1092E-03     20.6703E-03
            6314               1     100.691E-03     88.4417E-03     21.7831E-03     22.7064E-03
            6315               1     132.893E-03     116.921E-03     29.8172E-03     33.4349E-03
            6316               1     187.731E-03     163.991E-03     36.5280E-03     38.1803E-03
            6317               1     54.0394E-03     51.4920E-03     13.5551E-03     12.6368E-03
            6318               1     37.9512E-03     38.8717E-03     20.0918E-03     19.2708E-03
            6319               1     39.3621E-03     38.4161E-03     20.3617E-03     21.1528E-03
            6320               1     55.7090E-03     54.0102E-03     21.3528E-03     23.6896E-03
            6321               1     80.3863E-03     76.5323E-03     23.2097E-03     25.0876E-03
            6322               1     103.758E-03     99.7638E-03     25.0566E-03     28.6415E-03
            6323               1     139.547E-03     138.776E-03     27.6002E-03     30.3286E-03
            6324               1     163.912E-03     168.258E-03     20.7980E-03     17.1627E-03
            6325               1     44.8328E-03     47.8406E-03     13.2804E-03     13.4775E-03
            6326               1     35.0020E-03     36.1784E-03     18.7723E-03     19.4454E-03
            6327               1     43.0574E-03     43.7559E-03     22.9114E-03     24.2802E-03
            6328               1     61.7916E-03     61.1546E-03     24.4161E-03     26.0658E-03
            6329               1     81.4580E-03     80.8228E-03     24.8847E-03     27.3904E-03
            6330               1     108.498E-03     109.307E-03     25.9430E-03     27.7033E-03
            6331               1     130.461E-03     131.691E-03     21.8022E-03     19.4189E-03
            6332               1     155.607E-03     149.899E-03     14.5471E-03     12.3383E-03
            6333               1     42.5572E-03     42.1880E-03     14.6707E-03     14.8392E-03
            6334               1     34.5922E-03     36.9101E-03     19.4339E-03     20.5896E-03
            6335               1     44.6014E-03     46.1684E-03     23.1336E-03     24.6211E-03
            6336               1     62.5980E-03     62.7710E-03     25.2398E-03     26.7779E-03
            6337               1     84.7232E-03     85.1488E-03     26.2790E-03     27.4466E-03
            6338               1     104.295E-03     104.349E-03     23.9967E-03     23.2529E-03
            6339               1     126.410E-03     123.834E-03     20.2704E-03     19.0429E-03
            6340               1     146.761E-03     145.783E-03     14.3436E-03     12.5921E-03
            6341               1     37.4827E-03     39.2106E-03     14.4742E-03     15.2745E-03
            6342               1     34.8673E-03     36.8107E-03     19.8993E-03     21.1345E-03
            6343               1     46.1563E-03     47.1135E-03     23.2407E-03     24.5825E-03
            6344               1     64.5099E-03     64.8512E-03     25.8449E-03     26.6212E-03
            6345               1     82.8357E-03     82.4631E-03     25.4727E-03     25.3710E-03
            6346               1     102.548E-03     101.202E-03     24.0548E-03     23.3193E-03
            6347               1     120.576E-03     120.011E-03     19.6747E-03     18.2785E-03
            6348               1     140.737E-03     136.886E-03     12.5101E-03     11.4385E-03
            6349               1     34.5260E-03     35.3344E-03     14.7692E-03     16.0571E-03
            6350               1     34.5462E-03     36.5256E-03     19.7464E-03     21.0495E-03
            6351               1     47.9392E-03     48.4909E-03     23.8639E-03     24.5437E-03
            6352               1     64.4612E-03     63.5944E-03     25.2172E-03     25.1707E-03
            6353               1     82.2045E-03     81.2154E-03     25.8377E-03     25.1443E-03
            6354               1     98.7225E-03     98.3584E-03     23.3270E-03     22.1572E-03
            6355               1     116.019E-03     113.913E-03     19.0236E-03     18.0722E-03
            6356               1     131.875E-03     130.827E-03     12.7425E-03     11.9259E-03
            6357               1     30.9017E-03     33.6637E-03     14.9922E-03     16.3732E-03
            6358               1     36.1138E-03     37.5451E-03     20.5138E-03     21.5047E-03
            6359               1     49.2504E-03     48.2267E-03     23.7319E-03     23.9033E-03
            6360               1     64.3662E-03     62.6203E-03     25.8996E-03     24.6315E-03
            6361               1     79.5313E-03     79.0704E-03     24.6683E-03     23.2113E-03
            6362               1     95.6948E-03     95.1134E-03     23.0721E-03     21.9915E-03
            6363               1     109.530E-03     109.899E-03     18.6878E-03     17.9888E-03
            6364               1     125.493E-03     122.637E-03     11.4737E-03     11.6008E-03
            6365               1     29.0637E-03     31.5556E-03     14.7262E-03     17.4354E-03
            6366               1     38.8583E-03     39.5056E-03     21.4007E-03     22.4872E-03
            6367               1     51.8080E-03     48.7154E-03     25.8982E-03     23.8472E-03
            6368               1     62.2343E-03     60.6797E-03     25.4753E-03     23.0274E-03
            6369               1     75.4417E-03     75.6803E-03     23.9094E-03     22.2668E-03
            6370               1     90.8068E-03     92.3795E-03     21.0732E-03     19.8402E-03
            6371               1     105.332E-03     105.342E-03     17.9264E-03     18.0512E-03
            6372               1     114.775E-03     116.219E-03     11.5232E-03     11.7718E-03
            6373               1     29.1803E-03     34.1584E-03     16.3308E-03     19.3447E-03
            6374               1     46.6539E-03     42.3360E-03     26.3062E-03     23.0593E-03
            6375               1     51.4286E-03     49.2487E-03     26.7869E-03     23.6154E-03
            6376               1     59.4821E-03     60.1263E-03     25.3392E-03     23.4491E-03
            6377               1     71.2691E-03     72.3515E-03     23.5689E-03     21.2444E-03
            6378               1     82.5334E-03     85.0332E-03     18.9694E-03     18.0485E-03
            6379               1     97.0189E-03     101.152E-03     13.5192E-03     14.3479E-03
            6380               1     110.254E-03     107.581E-03     8.42286E-03     10.3201E-03
            6381               1     38.0384E-03     38.9180E-03     21.9374E-03     18.5208E-03
            6382               1     48.6622E-03     48.2146E-03     28.0192E-03     25.3314E-03
            6383               1     51.1736E-03     54.7171E-03     27.1978E-03     26.3133E-03
            6384               1     59.2461E-03     62.2181E-03     27.2962E-03     25.8268E-03
            6385               1     66.2866E-03     69.4718E-03     23.5538E-03     23.0035E-03
            6386               1     76.0082E-03     77.8282E-03     19.5098E-03     18.6574E-03
            6387               1     82.7940E-03     84.8755E-03     10.3179E-03     10.5310E-03
            6388               1     90.3118E-03     96.6287E-03    -2.98524E-03     800.094E-06
            6389               1     48.6583E-03     56.4035E-03     19.2299E-03     15.8550E-03
            6390               1     35.0422E-03     36.8313E-03     19.4027E-03     18.2854E-03
            6391               1     31.8147E-03     32.0285E-03     18.1448E-03     18.4388E-03
            6392               1     39.0561E-03     35.5072E-03     19.1240E-03     19.1196E-03
            6393               1     49.4649E-03     44.7675E-03     20.1157E-03     21.1302E-03
            6394               1     63.8186E-03     55.6489E-03     21.0023E-03     21.5158E-03
            6395               1     83.3521E-03     73.0652E-03     24.7375E-03     27.5299E-03
            6396               1     119.356E-03     101.553E-03     26.4893E-03     28.6569E-03
            6397               1     46.0768E-03     43.2200E-03     14.4975E-03     14.5850E-03
            6398               1     40.9096E-03     40.4820E-03     21.9335E-03     20.4078E-03
            6399               1     38.8373E-03     37.8642E-03     22.1442E-03     21.8488E-03
            6400               1     43.6312E-03     43.2335E-03     22.4220E-03     23.5969E-03
            6401               1     54.3688E-03     51.8389E-03     23.1840E-03     24.0471E-03
            6402               1     65.2903E-03     63.2639E-03     23.3964E-03     25.8843E-03
            6403               1     85.3260E-03     84.8722E-03     23.8406E-03     26.1703E-03
            6404               1     97.7226E-03     101.439E-03     17.5312E-03     15.3627E-03
            6405               1     36.4872E-03     40.0753E-03     13.9243E-03     14.7929E-03
            6406               1     36.8216E-03     37.6877E-03     19.7167E-03     20.3650E-03
            6407               1     41.6074E-03     41.9893E-03     23.8727E-03     24.2268E-03
            6408               1     47.8194E-03     47.4913E-03     24.6825E-03     25.3086E-03
            6409               1     55.1324E-03     55.1726E-03     24.6179E-03     26.0391E-03
            6410               1     67.5748E-03     68.1385E-03     24.4736E-03     25.6081E-03
            6411               1     77.1087E-03     77.4520E-03     20.6272E-03     18.9917E-03
            6412               1     90.3126E-03     85.6087E-03     13.5751E-03     12.0704E-03
            6413               1     35.3270E-03     35.0726E-03     15.2918E-03     15.4921E-03
            6414               1     35.6712E-03     37.6645E-03     19.9980E-03     20.9864E-03
            6415               1     41.0983E-03     42.8702E-03     23.4392E-03     24.5518E-03
            6416               1     48.6684E-03     49.1882E-03     25.5221E-03     26.2325E-03
            6417               1     56.9600E-03     57.4642E-03     25.6482E-03     26.3256E-03
            6418               1     64.1101E-03     63.4873E-03     23.6350E-03     22.8581E-03
            6419               1     72.9525E-03     70.8729E-03     19.5582E-03     18.6123E-03
            6420               1     81.3725E-03     80.9521E-03     13.3602E-03     12.3367E-03
            6421               1     31.0200E-03     32.7906E-03     14.9198E-03     15.8898E-03
            6422               1     35.5501E-03     37.2397E-03     20.3150E-03     21.3277E-03
            6423               1     41.8112E-03     43.3640E-03     23.6166E-03     24.6373E-03
            6424               1     49.2088E-03     50.3001E-03     25.5437E-03     26.3443E-03
            6425               1     55.9595E-03     55.4109E-03     25.6107E-03     25.3244E-03
            6426               1     62.0536E-03     60.9612E-03     23.4887E-03     22.8841E-03
            6427               1     67.8632E-03     66.8675E-03     19.2759E-03     18.1632E-03
            6428               1     75.0933E-03     72.5844E-03     12.3735E-03     11.3731E-03
            6429               1     29.5987E-03     30.2333E-03     15.6513E-03     16.0488E-03
            6430               1     34.6687E-03     36.6897E-03     19.9853E-03     21.1670E-03
            6431               1     42.5338E-03     44.1986E-03     23.6829E-03     24.7754E-03
            6432               1     49.6003E-03     49.5562E-03     25.5890E-03     25.7099E-03
            6433               1     55.0200E-03     54.6586E-03     25.4036E-03     25.2855E-03
            6434               1     59.8458E-03     58.3448E-03     23.5419E-03     22.4892E-03
            6435               1     63.0172E-03     61.4771E-03     18.8644E-03     17.8392E-03
            6436               1     67.4300E-03     66.3318E-03     12.3168E-03     11.8355E-03
            6437               1     26.9276E-03     28.7788E-03     14.9398E-03     16.2060E-03
            6438               1     35.5500E-03     37.1498E-03     20.3404E-03     21.3630E-03
            6439               1     43.0818E-03     43.8823E-03     23.6356E-03     24.2143E-03
            6440               1     49.5570E-03     49.5697E-03     25.4012E-03     25.5829E-03
            6441               1     54.6016E-03     53.2959E-03     25.5480E-03     24.7815E-03
            6442               1     56.7473E-03     55.6829E-03     23.1483E-03     22.2857E-03
            6443               1     58.9934E-03     57.4248E-03     19.0363E-03     18.1589E-03
            6444               1     60.3460E-03     59.4281E-03     12.2968E-03     11.4797E-03
            6445               1     27.1387E-03     28.4502E-03     15.4692E-03     16.3149E-03
            6446               1     35.8426E-03     37.4020E-03     20.2378E-03     21.1478E-03
            6447               1     44.0909E-03     44.3154E-03     23.7832E-03     24.1817E-03
            6448               1     49.8362E-03     48.7398E-03     25.5929E-03     24.8614E-03
            6449               1     52.4896E-03     51.8912E-03     24.9503E-03     24.2706E-03
            6450               1     54.9306E-03     53.6013E-03     23.1818E-03     22.1927E-03
            6451               1     53.7703E-03     53.5692E-03     18.7756E-03     18.0745E-03
            6452               1     53.8778E-03     52.3387E-03     12.0665E-03     11.9286E-03
            6453               1     25.5808E-03     29.5614E-03     14.4416E-03     16.5424E-03
            6454               1     38.5222E-03     39.0492E-03     20.9630E-03     21.8057E-03
            6455               1     46.1843E-03     44.3870E-03     25.0299E-03     23.7285E-03
            6456               1     48.2387E-03     47.1010E-03     25.2238E-03     23.8251E-03
            6457               1     50.0997E-03     50.5343E-03     24.0467E-03     23.4486E-03
            6458               1     51.1024E-03     51.8244E-03     22.1889E-03     21.8615E-03
            6459               1     50.7592E-03     49.6849E-03     18.8495E-03     18.3712E-03
            6460               1     44.9772E-03     46.6754E-03     12.1537E-03     11.7348E-03
            6461               1     32.1418E-03     32.3485E-03     15.8048E-03     17.7807E-03
            6462               1     44.4768E-03     41.5208E-03     24.6482E-03     21.9677E-03
            6463               1     45.3922E-03     43.6462E-03     25.2048E-03     22.9770E-03
            6464               1     45.8729E-03     46.7128E-03     24.1505E-03     23.2997E-03
            6465               1     47.0291E-03     47.8153E-03     23.3760E-03     22.2076E-03
            6466               1     46.2555E-03     49.5509E-03     20.4802E-03     20.8028E-03
            6467               1     44.1686E-03     48.1884E-03     17.1839E-03     18.5762E-03
            6468               1     40.5420E-03     37.6671E-03     11.7039E-03     12.1028E-03
            6469               1     38.5326E-03     44.7500E-03     20.9869E-03     17.5811E-03
            6470               1     43.8357E-03     44.5180E-03     25.0355E-03     22.8612E-03
            6471               1     42.7167E-03     45.3482E-03     23.7710E-03     23.2803E-03
            6472               1     44.8329E-03     46.6019E-03     24.2945E-03     23.3338E-03
            6473               1     43.5637E-03     46.9067E-03     22.1517E-03     22.1565E-03
            6474               1     42.1376E-03     45.2550E-03     19.9387E-03     19.6025E-03
            6475               1     36.8928E-03     43.3197E-03     15.4794E-03     16.6367E-03
            6476               1     21.7188E-03     34.4076E-03     7.73017E-03     10.8770E-03
            6477               1     31.8767E-03     36.6370E-03     17.7258E-03     14.9318E-03
            6478               1     36.4216E-03     36.4305E-03     20.7993E-03     20.3702E-03
            6479               1     37.1045E-03     37.5985E-03     20.8169E-03     21.4921E-03
            6480               1     40.3175E-03     38.0931E-03     22.2632E-03     21.9320E-03
            6481               1     40.5128E-03     39.0105E-03     22.1529E-03     22.5009E-03
            6482               1     41.3409E-03     37.2764E-03     22.1402E-03     21.5000E-03
            6483               1     42.0604E-03     39.3767E-03     21.6648E-03     22.6180E-03
            6484               1     47.2255E-03     38.5078E-03     17.2882E-03     19.6059E-03
            6485               1     24.9550E-03     28.4202E-03     12.9553E-03     16.2032E-03
            6486               1     37.7945E-03     38.8117E-03     21.8032E-03     22.1848E-03
            6487               1     40.8671E-03     39.5629E-03     23.3311E-03     22.8409E-03
            6488               1     39.5978E-03     39.5804E-03     22.6098E-03     22.8363E-03
            6489               1     40.7369E-03     39.5939E-03     22.9106E-03     22.6889E-03
            6490               1     41.1228E-03     41.1711E-03     22.9747E-03     23.6239E-03
            6491               1     42.4610E-03     40.3404E-03     22.8236E-03     22.4908E-03
            6492               1     32.5519E-03     31.9265E-03     16.6768E-03     13.6097E-03
            6493               1     23.5456E-03     28.5750E-03     13.1359E-03     16.4865E-03
            6494               1     38.3600E-03     39.0170E-03     22.1230E-03     22.3074E-03
            6495               1     41.1081E-03     40.2765E-03     23.6930E-03     23.1606E-03
            6496               1     39.7944E-03     40.6754E-03     22.9240E-03     23.1441E-03
            6497               1     40.0882E-03     40.2888E-03     23.0411E-03     22.8054E-03
            6498               1     40.3675E-03     42.6354E-03     22.9471E-03     23.4519E-03
            6499               1     38.6029E-03     38.5908E-03     21.7614E-03     21.0269E-03
            6500               1     29.4576E-03     22.9837E-03     15.7162E-03     12.9463E-03
            6501               1     31.5610E-03     34.3826E-03     18.0686E-03     15.2704E-03
            6502               1     38.3849E-03     38.1037E-03     21.9282E-03     21.3405E-03
            6503               1     38.5194E-03     40.3624E-03     22.0662E-03     22.6799E-03
            6504               1     40.6952E-03     41.4193E-03     23.4038E-03     23.0769E-03
            6505               1     39.6880E-03     42.5180E-03     22.9089E-03     23.2368E-03
            6506               1     38.2004E-03     39.5959E-03     22.0396E-03     21.2424E-03
            6507               1     34.8602E-03     38.7278E-03     20.0127E-03     20.6075E-03
            6508               1     26.1370E-03     28.6133E-03     13.6567E-03     16.1142E-03