            1732               1     40.0558E-03     42.8807E-03    -21.3317E-03    -19.2006E-03
            1733               1     45.1757E-03     44.4854E-03    -26.0427E-03    -24.9395E-03
            1734               1     45.6730E-03     46.0412E-03    -26.3275E-03    -26.1631E-03
            1735               1     47.5896E-03     47.2968E-03    -27.4392E-03    -26.9455E-03
            1736               1     46.5546E-03     47.2812E-03    -26.7636E-03    -26.8189E-03
            1737               1     44.0297E-03     44.1843E-03    -25.2870E-03    -25.0200E-03
            1738               1     40.0628E-03     41.8585E-03    -23.0184E-03    -23.7731E-03
            1739               1     32.0259E-03     32.4314E-03    -16.7486E-03    -18.4443E-03
            1740               1     32.2099E-03     33.0787E-03    -17.2082E-03    -18.5130E-03
            1741               1     46.5867E-03     44.7340E-03    -26.7398E-03    -25.3845E-03
            1742               1     48.5742E-03     47.0939E-03    -28.0191E-03    -27.0241E-03
            1743               1     49.3237E-03     49.2904E-03    -28.3893E-03    -28.1490E-03
            1744               1     49.3608E-03     48.6270E-03    -28.2990E-03    -27.6031E-03
            1745               1     46.7852E-03     47.7068E-03    -26.5342E-03    -26.7185E-03
            1746               1     42.5243E-03     43.6727E-03    -24.2317E-03    -24.7923E-03
            1747               1     28.5943E-03     28.5040E-03    -16.4165E-03    -16.4505E-03
            1748               1     27.9509E-03     30.1888E-03    -16.0859E-03    -17.4048E-03
            1749               1     41.0999E-03     42.5386E-03    -23.6812E-03    -24.5547E-03
            1750               1     50.0159E-03     49.5322E-03    -28.8429E-03    -28.5094E-03
            1751               1     51.7213E-03     50.7952E-03    -29.7802E-03    -29.1559E-03
            1752               1     51.5974E-03     51.5956E-03    -29.4213E-03    -29.2403E-03
            1753               1     49.9440E-03     49.5098E-03    -28.1885E-03    -27.7674E-03
            1754               1     42.6754E-03     41.4111E-03    -23.6789E-03    -22.9652E-03
            1755               1     29.4371E-03     29.5231E-03    -15.7819E-03    -15.4052E-03
            1756               1     29.2095E-03     31.0349E-03    -16.2547E-03    -17.1395E-03
            1757               1     40.7816E-03     42.2525E-03    -23.4000E-03    -24.3025E-03
            1758               1     48.4419E-03     49.4468E-03    -27.9646E-03    -28.5478E-03
            1759               1     53.0494E-03     53.0580E-03    -30.5080E-03    -30.4873E-03
            1760               1     53.5378E-03     52.9321E-03    -30.4779E-03    -30.0568E-03
            1761               1     50.9717E-03     49.8897E-03    -28.3447E-03    -27.6746E-03
            1762               1     44.2678E-03     43.5075E-03    -23.6045E-03    -22.8324E-03
            1763               1     34.9696E-03     33.2662E-03    -15.7954E-03    -15.1714E-03
            1764               1     32.8351E-03     33.2660E-03    -16.3580E-03    -17.0522E-03
            1765               1     41.2587E-03     43.1646E-03    -23.2853E-03    -24.2192E-03
            1766               1     48.3707E-03     49.4735E-03    -27.8797E-03    -28.5192E-03
            1767               1     52.8440E-03     53.3590E-03    -30.4227E-03    -30.7564E-03
            1768               1     54.2758E-03     54.1261E-03    -30.7021E-03    -30.6510E-03
            1769               1     51.7700E-03     50.8251E-03    -28.3262E-03    -27.6379E-03
            1770               1     47.4702E-03     45.8674E-03    -23.7415E-03    -22.9791E-03
            1771               1     40.4866E-03     40.0558E-03    -16.2632E-03    -15.3410E-03
            1772               1     36.0337E-03     38.5413E-03    -15.9399E-03    -16.7405E-03
            1773               1     43.3050E-03     44.1797E-03    -23.3682E-03    -24.0190E-03
            1774               1     49.6231E-03     50.4373E-03    -28.5181E-03    -28.8495E-03
            1775               1     51.5288E-03     51.7000E-03    -29.6198E-03    -29.7999E-03
            1776               1     52.1723E-03     52.9070E-03    -29.4632E-03    -30.1044E-03
            1777               1     53.9206E-03     54.0248E-03    -28.8621E-03    -29.0927E-03
            1778               1     50.7810E-03     49.7698E-03    -24.1701E-03    -22.9919E-03
            1779               1     48.4950E-03     45.7004E-03    -16.1517E-03    -15.2441E-03
            1780               1     46.5766E-03     44.9245E-03    -17.3322E-03    -17.6543E-03
            1781               1     49.1294E-03     49.0990E-03    -26.3302E-03    -25.4704E-03
            1782               1     47.1876E-03     47.4181E-03    -27.1695E-03    -27.0752E-03
            1783               1     47.9413E-03     48.9754E-03    -27.5925E-03    -28.2714E-03
            1784               1     50.1778E-03     49.7746E-03    -27.9947E-03    -28.2254E-03
            1785               1     51.3161E-03     51.8561E-03    -27.2322E-03    -28.4110E-03
            1786               1     57.6226E-03     57.9414E-03    -26.3528E-03    -27.3634E-03
            1787               1     57.5342E-03     59.0254E-03    -18.4234E-03    -17.2388E-03
            1788               1     55.2468E-03     59.0319E-03    -22.7421E-03    -20.4543E-03
            1789               1     45.6585E-03     46.8344E-03    -24.9418E-03    -24.3925E-03
            1790               1     42.1332E-03     43.2966E-03    -24.1616E-03    -24.3801E-03
            1791               1     43.8923E-03     43.5530E-03    -25.1875E-03    -25.1435E-03
            1792               1     45.6165E-03     45.2740E-03    -25.2984E-03    -25.8264E-03
            1793               1     48.8995E-03     46.4923E-03    -24.9812E-03    -25.1222E-03
            1794               1     56.5524E-03     53.7822E-03    -25.8326E-03    -27.3063E-03
            1795               1     75.6045E-03     67.3227E-03    -23.5505E-03    -24.8262E-03
            1796               1     33.7297E-03     30.6486E-03    -18.9844E-03    -16.9170E-03
            1797               1     45.4450E-03     41.6084E-03    -25.7268E-03    -23.8630E-03
            1798               1     46.1994E-03     45.6921E-03    -26.6446E-03    -25.9354E-03
            1799               1     49.1873E-03     48.8486E-03    -27.6712E-03    -26.6043E-03
            1800               1     50.3074E-03     50.9131E-03    -26.0787E-03    -25.5777E-03
            1801               1     51.7788E-03     51.7767E-03    -23.4775E-03    -22.8220E-03
            1802               1     50.7968E-03     51.3345E-03    -18.2610E-03    -18.2946E-03
            1803               1     41.3125E-03     45.2062E-03    -8.46821E-03    -10.4844E-03
            1804               1     30.0038E-03     35.3929E-03    -16.1984E-03    -18.5319E-03
            1805               1     44.9415E-03     41.1918E-03    -25.6340E-03    -23.4523E-03
            1806               1     47.0619E-03     43.3548E-03    -27.1334E-03    -24.8433E-03
            1807               1     48.7968E-03     47.1404E-03    -27.1477E-03    -25.6350E-03
            1808               1     52.2561E-03     50.9034E-03    -26.4520E-03    -24.6830E-03
            1809               1     55.3521E-03     55.7197E-03    -23.6998E-03    -22.8493E-03
            1810               1     58.2218E-03     60.2097E-03    -20.0606E-03    -20.2540E-03
            1811               1     58.3725E-03     58.2786E-03    -13.0462E-03    -14.4844E-03
            1812               1     35.1886E-03     36.0050E-03    -15.5005E-03    -17.3969E-03
            1813               1     40.0344E-03     41.9500E-03    -22.6326E-03    -23.4585E-03
            1814               1     47.4115E-03     44.8529E-03    -27.3196E-03    -25.8247E-03
            1815               1     50.2679E-03     47.6064E-03    -27.8343E-03    -25.9998E-03
            1816               1     54.5759E-03     53.3459E-03    -27.0962E-03    -25.7668E-03
            1817               1     59.9423E-03     59.8212E-03    -25.2590E-03    -24.1873E-03
            1818               1     63.7151E-03     64.0740E-03    -21.2562E-03    -21.2493E-03
            1819               1     65.6421E-03     66.5997E-03    -14.0010E-03    -14.4384E-03
            1820               1     39.4015E-03     41.1701E-03    -15.8947E-03    -16.8201E-03
            1821               1     41.0740E-03     41.9562E-03    -22.2576E-03    -22.8878E-03
            1822               1     45.3406E-03     45.3924E-03    -26.1463E-03    -26.2073E-03
            1823               1     51.5536E-03     49.8718E-03    -28.4537E-03    -27.4736E-03
            1824               1     56.9255E-03     55.6581E-03    -27.9628E-03    -26.8256E-03
            1825               1     62.8449E-03     62.1532E-03    -25.9220E-03    -25.1191E-03
            1826               1     68.0016E-03     68.1333E-03    -21.4093E-03    -20.9643E-03
            1827               1     75.0476E-03     73.6445E-03    -14.0414E-03    -14.1651E-03
            1828               1     45.1241E-03     45.0443E-03    -15.9341E-03    -16.6995E-03
            1829               1     41.9148E-03     43.6870E-03    -21.8448E-03    -22.6574E-03
            1830               1     45.7039E-03     46.2949E-03    -26.3387E-03    -26.6975E-03
            1831               1     51.2781E-03     50.9286E-03    -28.2669E-03    -28.1640E-03
            1832               1     58.4802E-03     57.6827E-03    -28.5376E-03    -28.0253E-03
            1833               1     65.4737E-03     64.8999E-03    -26.1275E-03    -25.3537E-03
            1834               1     73.3533E-03     72.1682E-03    -21.4089E-03    -20.8450E-03
            1835               1     82.0652E-03     81.4409E-03    -14.6362E-03    -14.1960E-03
            1836               1     50.1704E-03     50.8684E-03    -15.7219E-03    -16.1746E-03
            1837               1     45.0323E-03     45.9206E-03    -22.0576E-03    -22.7474E-03
            1838               1     45.5105E-03     47.0369E-03    -26.1340E-03    -26.9581E-03
            1839               1     51.4692E-03     52.1287E-03    -28.5708E-03    -29.0300E-03
            1840               1     58.9864E-03     58.8836E-03    -28.4266E-03    -28.3825E-03
            1841               1     68.4984E-03     67.8006E-03    -26.4428E-03    -26.0474E-03
            1842               1     78.2579E-03     77.7611E-03    -21.7924E-03    -20.9566E-03
            1843               1     90.6544E-03     88.2505E-03    -14.4142E-03    -13.7661E-03
            1844               1     56.7859E-03     55.9986E-03    -16.2374E-03    -16.1499E-03
            1845               1     47.3821E-03     49.0481E-03    -21.9635E-03    -22.6098E-03
            1846               1     45.7538E-03     47.2843E-03    -26.0047E-03    -26.8603E-03
            1847               1     50.7950E-03     52.2848E-03    -28.3959E-03    -29.4846E-03
            1848               1     60.3966E-03     61.5299E-03    -28.7797E-03    -29.6332E-03
            1849               1     70.3770E-03     70.3896E-03    -26.3067E-03    -25.9047E-03
            1850               1     83.8236E-03     82.3206E-03    -22.0989E-03    -21.4080E-03
            1851               1     97.6311E-03     96.9111E-03    -15.6049E-03    -14.4606E-03
            1852               1     61.2201E-03     62.8455E-03    -15.2202E-03    -15.2529E-03
            1853               1     50.8637E-03     51.3672E-03    -21.8528E-03    -21.9638E-03
            1854               1     47.2101E-03     49.4656E-03    -26.5317E-03    -27.5244E-03
            1855               1     49.4495E-03     51.0958E-03    -27.4598E-03    -28.7472E-03
            1856               1     57.8824E-03     59.4436E-03    -27.5119E-03    -29.3201E-03
            1857               1     74.3869E-03     75.9260E-03    -27.5045E-03    -28.7344E-03
            1858               1     88.5141E-03     88.9593E-03    -22.9219E-03    -21.3701E-03
            1859               1     106.256E-03     102.687E-03    -15.4056E-03    -14.0195E-03
            1860               1     72.3815E-03     70.5448E-03    -16.7945E-03    -15.8453E-03
            1861               1     56.5637E-03     58.3451E-03    -24.6148E-03    -24.1479E-03
            1862               1     43.4383E-03     45.5593E-03    -24.5951E-03    -25.4331E-03
            1863               1     44.5329E-03     46.6763E-03    -24.8576E-03    -26.5794E-03
            1864               1     56.1419E-03     56.0544E-03    -25.5910E-03    -27.0463E-03
            1865               1     70.8645E-03     70.4839E-03    -26.1022E-03    -28.5882E-03
            1866               1     97.0881E-03     97.6632E-03    -27.0019E-03    -28.6844E-03
            1867               1     115.898E-03     118.372E-03    -19.5144E-03    -17.0571E-03
            1868               1     79.5130E-03     81.7250E-03    -23.7155E-03    -21.2688E-03
            1869               1     50.1674E-03     51.6226E-03    -22.4047E-03    -22.4091E-03
            1870               1     36.0630E-03     37.9293E-03    -20.0100E-03    -20.5998E-03
            1871               1     37.7200E-03     37.3642E-03    -20.6157E-03    -21.0953E-03
            1872               1     49.3791E-03     46.9516E-03    -21.5762E-03    -22.6736E-03
            1873               1     67.8223E-03     61.7135E-03    -22.6210E-03    -23.3139E-03
            1874               1     92.6604E-03     84.0927E-03    -27.4132E-03    -29.8069E-03
            1875               1     135.514E-03     120.983E-03    -30.5096E-03    -31.2813E-03
            1876               1     45.0856E-03     29.3644E-03    -16.0520E-03    -14.0767E-03
            1877               1     50.0007E-03     41.0409E-03    -25.6088E-03    -22.9620E-03
            1878               1     47.2583E-03     45.7474E-03    -27.2422E-03    -26.0177E-03
            1879               1     53.4631E-03     53.2828E-03    -28.4812E-03    -26.8060E-03
            1880               1     62.1016E-03     61.8797E-03    -25.7681E-03    -24.6457E-03
            1881               1     75.3747E-03     73.2232E-03    -21.8622E-03    -20.7220E-03
            1882               1     87.6556E-03     83.4180E-03    -13.0585E-03    -12.1745E-03
            1883               1     101.070E-03     98.6179E-03     1.22793E-03    -1.16605E-03
            1884               1     45.5860E-03     54.1560E-03    -15.0709E-03    -18.6040E-03
            1885               1     47.1435E-03     42.4898E-03    -24.2275E-03    -21.3286E-03
            1886               1     45.9419E-03     39.9143E-03    -26.4361E-03    -22.8452E-03
            1887               1     50.6651E-03     47.6513E-03    -25.9469E-03    -23.1357E-03
            1888               1     64.3215E-03     62.6109E-03    -24.7863E-03    -21.7921E-03
            1889               1     80.4157E-03     79.8859E-03    -20.8794E-03    -18.7388E-03
            1890               1     99.9255E-03     102.357E-03    -15.5615E-03    -15.1865E-03
            1891               1     116.958E-03     117.554E-03    -9.47520E-03    -12.2899E-03
            1892               1     55.7543E-03     54.9361E-03    -14.4967E-03    -17.1134E-03
            1893               1     43.3815E-03     46.6176E-03    -21.5936E-03    -22.5714E-03
            1894               1     44.2819E-03     39.8410E-03    -25.4994E-03    -22.9233E-03
            1895               1     51.8617E-03     47.7007E-03    -26.0469E-03    -22.9290E-03
            1896               1     67.1758E-03     65.1054E-03    -24.8346E-03    -22.2082E-03
            1897               1     86.8023E-03     87.4748E-03    -22.3025E-03    -20.3779E-03
            1898               1     106.406E-03     107.873E-03    -19.0537E-03    -19.6192E-03
            1899               1     124.086E-03     124.013E-03    -12.2440E-03    -13.2747E-03
            1900               1     60.2104E-03     61.9465E-03    -15.1562E-03    -16.3544E-03
            1901               1     44.9596E-03     45.7087E-03    -20.5758E-03    -21.1017E-03
            1902               1     42.6656E-03     41.8048E-03    -24.5401E-03    -24.1238E-03
            1903               1     52.9396E-03     49.3701E-03    -26.1907E-03    -24.1716E-03
            1904               1     69.9315E-03     68.4158E-03    -25.4904E-03    -23.5243E-03
            1905               1     90.9198E-03     90.5833E-03    -23.8646E-03    -22.8215E-03
            1906               1     111.029E-03     110.888E-03    -19.2400E-03    -18.9445E-03
            1907               1     133.205E-03     131.631E-03    -12.3985E-03    -13.1254E-03
            1908               1     66.7528E-03     65.9068E-03    -14.9403E-03    -15.9637E-03
            1909               1     47.3566E-03     48.8632E-03    -20.7269E-03    -21.3727E-03
            1910               1     42.1210E-03     41.9146E-03    -24.2514E-03    -24.1365E-03
            1911               1     53.0061E-03     51.7006E-03    -26.1585E-03    -25.6025E-03
            1912               1     72.3535E-03     70.7802E-03    -26.2841E-03    -25.2172E-03
            1913               1     93.3796E-03     92.5899E-03    -23.7855E-03    -22.8959E-03
            1914               1     116.996E-03     115.893E-03    -19.7869E-03    -19.4058E-03
            1915               1     141.066E-03     138.627E-03    -13.2293E-03    -12.9756E-03
            1916               1     71.7859E-03     71.5033E-03    -15.5579E-03    -15.7044E-03
            1917               1     50.3178E-03     51.2494E-03    -20.4612E-03    -21.1415E-03
            1918               1     42.7030E-03     43.7304E-03    -24.4514E-03    -25.0643E-03
            1919               1     53.0512E-03     52.6213E-03    -26.3982E-03    -26.4149E-03
            1920               1     73.0637E-03     72.6026E-03    -26.2702E-03    -26.1521E-03
            1921               1     97.2377E-03     96.2535E-03    -24.3191E-03    -23.6537E-03
            1922               1     121.752E-03     120.064E-03    -19.7019E-03    -19.0889E-03
            1923               1     147.827E-03     145.905E-03    -13.4306E-03    -13.1010E-03
            1924               1     77.6930E-03     77.2548E-03    -14.9563E-03    -15.2640E-03
            1925               1     54.1394E-03     54.8657E-03    -20.8585E-03    -21.3353E-03
            1926               1     43.1128E-03     44.9423E-03    -24.4855E-03    -25.4756E-03
            1927               1     52.7903E-03     53.9973E-03    -26.5213E-03    -27.5499E-03
            1928               1     74.1753E-03     74.1823E-03    -26.4996E-03    -26.8099E-03
            1929               1     99.9003E-03     99.4695E-03    -24.4922E-03    -24.4408E-03
            1930               1     127.183E-03     126.232E-03    -20.2372E-03    -19.3591E-03
            1931               1     155.987E-03     152.446E-03    -13.3222E-03    -12.5460E-03
            1932               1     83.7894E-03     82.8606E-03    -15.6291E-03    -14.9220E-03
            1933               1     57.3245E-03     58.9324E-03    -20.6525E-03    -21.2177E-03
            1934               1     43.2299E-03     45.4062E-03    -24.1620E-03    -25.3648E-03
            1935               1     51.8448E-03     53.9449E-03    -26.5582E-03    -28.4541E-03
            1936               1     75.7558E-03     77.8097E-03    -26.9479E-03    -28.7594E-03
            1937               1     102.277E-03     102.826E-03    -24.5460E-03    -24.3642E-03
            1938               1     132.334E-03     130.768E-03    -20.7149E-03    -20.0029E-03
            1939               1     162.188E-03     160.775E-03    -14.9870E-03    -13.4751E-03
            1940               1     88.3960E-03     89.3411E-03    -14.3155E-03    -13.6408E-03
            1941               1     60.8268E-03     61.9738E-03    -20.1201E-03    -19.8918E-03
            1942               1     44.8636E-03     48.9112E-03    -24.5923E-03    -26.4643E-03
            1943               1     50.3928E-03     53.2518E-03    -25.3531E-03    -27.8959E-03
            1944               1     72.6793E-03     74.3968E-03    -25.7989E-03    -28.8208E-03
            1945               1     106.558E-03     109.202E-03    -26.4283E-03    -28.6366E-03
            1946               1     136.842E-03     138.344E-03    -21.8958E-03    -19.8152E-03
            1947               1     170.098E-03     165.592E-03    -14.8296E-03    -12.8274E-03
            1948               1     98.5386E-03     97.6718E-03    -15.9442E-03    -13.7337E-03
            1949               1     66.3278E-03     69.7485E-03    -22.7215E-03    -22.8587E-03
            1950               1     39.4951E-03     43.6577E-03    -21.8441E-03    -23.8503E-03
            1951               1     44.0949E-03     46.9556E-03    -22.2411E-03    -25.1545E-03
            1952               1     70.9426E-03     70.6239E-03    -23.3757E-03    -26.1154E-03
            1953               1     101.161E-03     99.6405E-03    -25.2717E-03    -29.0744E-03
            1954               1     145.558E-03     146.589E-03    -28.0380E-03    -30.3464E-03
            1955               1     179.441E-03     182.789E-03    -20.8664E-03    -16.9581E-03
            1956               1     104.267E-03     103.353E-03    -24.2913E-03    -21.7219E-03
            1957               1     57.6374E-03     57.4724E-03    -19.4524E-03    -20.1519E-03
            1958               1     30.3132E-03     32.4460E-03    -15.8450E-03    -16.8950E-03
            1959               1     35.3364E-03     34.6304E-03    -16.0827E-03    -17.1554E-03
            1960               1     62.5429E-03     57.6359E-03    -18.1043E-03    -19.8096E-03
            1961               1     96.9089E-03     87.2936E-03    -20.6059E-03    -21.8429E-03
            1962               1     136.572E-03     122.685E-03    -29.4384E-03    -32.7692E-03
            1963               1     199.509E-03     179.166E-03    -37.9991E-03    -38.2701E-03
            1964               1     67.6264E-03     44.7499E-03    -13.2807E-03    -11.4026E-03
            1965               1     57.6936E-03     43.4256E-03    -25.5168E-03    -22.1530E-03
            1966               1     48.8864E-03     46.3914E-03    -28.1141E-03    -26.4108E-03
            1967               1     59.6900E-03     59.7824E-03    -29.4376E-03    -27.1821E-03
            1968               1     79.0575E-03     77.6429E-03    -25.6164E-03    -23.8951E-03
            1969               1     106.072E-03     101.264E-03    -20.3606E-03    -18.7177E-03
            1970               1     132.470E-03     123.540E-03    -7.69212E-03    -5.88776E-03
            1971               1     167.367E-03     159.202E-03     11.2517E-03     8.40278E-03
            1972               1     69.1473E-03     79.3215E-03    -13.8555E-03    -18.5574E-03
            1973               1     53.9667E-03     49.6019E-03    -23.0082E-03    -19.4504E-03
            1974               1     44.8367E-03     36.7159E-03    -25.7152E-03    -20.9352E-03
            1975               1     55.2076E-03     51.3700E-03    -24.9161E-03    -20.8945E-03
            1976               1     82.6254E-03     80.8060E-03    -23.2183E-03    -19.0115E-03
            1977               1     112.685E-03     111.471E-03    -18.0559E-03    -14.6450E-03
            1978               1     149.492E-03     152.497E-03    -11.0697E-03    -10.1183E-03
            1979               1     181.091E-03     182.376E-03    -5.79813E-03    -10.0108E-03
            1980               1     80.7783E-03     78.9384E-03    -13.5064E-03    -16.7811E-03
            1981               1     50.3718E-03     55.1072E-03    -20.3824E-03    -21.5926E-03
            1982               1     41.6080E-03     35.5976E-03    -23.8789E-03    -20.3489E-03
            1983               1     56.6527E-03     51.7145E-03    -24.2752E-03    -19.9540E-03
            1984               1     85.9457E-03     83.7222E-03    -22.6749E-03    -18.8480E-03
            1985               1     121.443E-03     123.117E-03    -19.5041E-03    -16.6993E-03
            1986               1     155.557E-03     157.887E-03    -16.8325E-03    -17.9674E-03
            1987               1     187.229E-03     186.172E-03    -10.6062E-03    -12.2343E-03
            1988               1     84.4895E-03     86.2924E-03    -13.9815E-03    -15.5581E-03
            1989               1     52.7030E-03     53.5038E-03    -19.0360E-03    -19.5239E-03
            1990               1     39.8278E-03     38.1935E-03    -22.7857E-03    -22.0100E-03
            1991               1     57.7869E-03     53.0009E-03    -24.1314E-03    -21.2710E-03
            1992               1     89.7243E-03     88.4904E-03    -23.1759E-03    -20.4007E-03
            1993               1     125.617E-03     125.723E-03    -21.8623E-03    -20.6371E-03
            1994               1     160.179E-03     159.814E-03    -17.3730E-03    -17.1461E-03
            1995               1     196.140E-03     193.913E-03    -10.7286E-03    -11.9120E-03
            1996               1     91.2968E-03     89.7706E-03    -13.8662E-03    -15.0184E-03
            1997               1     55.1143E-03     56.8292E-03    -19.1532E-03    -19.8112E-03
            1998               1     38.9673E-03     38.2769E-03    -22.3656E-03    -21.9937E-03
            1999               1     58.3045E-03     56.2684E-03    -24.0768E-03    -23.1685E-03
            2000               1     92.4012E-03     90.6523E-03    -24.2369E-03    -22.8661E-03
            2001               1     128.140E-03     127.322E-03    -21.7891E-03    -20.7050E-03
            2002               1     166.110E-03     164.728E-03    -18.1387E-03    -17.8465E-03
            2003               1     203.968E-03     200.304E-03    -12.1371E-03    -11.9671E-03
            2004               1     95.5574E-03     95.0909E-03    -14.4591E-03    -14.5909E-03
            2005               1     58.5713E-03     59.3978E-03    -18.9357E-03    -19.5914E-03
            2006               1     39.6500E-03     40.5383E-03    -22.5971E-03    -23.1898E-03
            2007               1     58.3758E-03     57.4652E-03    -24.3966E-03    -24.3917E-03
            2008               1     93.1662E-03     92.4866E-03    -24.2686E-03    -24.1289E-03
            2009               1     132.158E-03     131.043E-03    -22.4648E-03    -21.7792E-03
            2010               1     170.584E-03     168.320E-03    -18.1763E-03    -17.5388E-03
            2011               1     209.939E-03     207.225E-03    -12.3318E-03    -11.9876E-03
            2012               1     101.651E-03     100.634E-03    -13.8868E-03    -14.0202E-03
            2013               1     62.4312E-03     63.2650E-03    -19.3314E-03    -19.7585E-03
            2014               1     40.0711E-03     42.2689E-03    -22.6851E-03    -23.8855E-03
            2015               1     58.0146E-03     59.0132E-03    -24.5946E-03    -25.9363E-03
            2016               1     94.3285E-03     94.2079E-03    -24.5383E-03    -25.1132E-03
            2017               1     134.565E-03     134.053E-03    -22.8024E-03    -22.8988E-03
            2018               1     175.787E-03     174.573E-03    -18.7847E-03    -17.7801E-03
            2019               1     217.966E-03     213.211E-03    -12.2708E-03    -11.3654E-03
            2020               1     107.044E-03     106.170E-03    -14.5969E-03    -13.4831E-03
            2021               1     65.9250E-03     67.7830E-03    -19.1087E-03    -19.6639E-03
            2022               1     40.0544E-03     42.7610E-03    -22.2228E-03    -23.7602E-03
            2023               1     56.3699E-03     58.3887E-03    -24.6239E-03    -27.3129E-03
            2024               1     95.9150E-03     98.2424E-03    -25.2687E-03    -27.8413E-03
            2025               1     136.806E-03     137.734E-03    -22.8548E-03    -22.8302E-03
            2026               1     180.488E-03     178.675E-03    -19.4982E-03    -18.6697E-03
            2027               1     223.250E-03     221.238E-03    -14.4500E-03    -12.4534E-03
            2028               1     111.636E-03     112.067E-03    -13.1785E-03    -11.7839E-03
            2029               1     69.2029E-03     71.3106E-03    -18.1841E-03    -17.7227E-03
            2030               1     41.5366E-03     47.3268E-03    -22.4643E-03    -25.2435E-03
            2031               1     54.9397E-03     58.1507E-03    -23.2497E-03    -26.9477E-03
            2032               1     91.9224E-03     93.3457E-03    -24.0835E-03    -28.2577E-03
            2033               1     140.978E-03     144.349E-03    -25.4782E-03    -28.5199E-03
            2034               1     184.521E-03     186.912E-03    -20.9698E-03    -18.3191E-03
            2035               1     230.423E-03     224.990E-03    -14.3402E-03    -11.6787E-03
            2036               1     120.481E-03     120.864E-03    -14.8218E-03    -11.4126E-03
            2037               1     74.5447E-03     79.2230E-03    -20.5148E-03    -21.2669E-03
            2038               1     34.8735E-03     40.8529E-03    -18.9789E-03    -22.1187E-03
            2039               1     47.3305E-03     50.0576E-03    -19.6073E-03    -23.6949E-03
            2040               1     89.9581E-03     89.0287E-03    -21.2791E-03    -25.1952E-03
            2041               1     133.426E-03     130.836E-03    -24.5092E-03    -29.5265E-03
            2042               1     193.145E-03     194.589E-03    -29.1038E-03    -31.9447E-03
            2043               1     239.447E-03     243.616E-03    -22.2056E-03    -16.8694E-03
            2044               1     124.950E-03     120.716E-03    -24.1544E-03    -21.4740E-03
            2045               1     64.6149E-03     61.9874E-03    -16.2155E-03    -17.5695E-03
            2046               1     24.2893E-03     26.2906E-03    -11.7077E-03    -13.2239E-03
            2047               1     38.3950E-03     37.0135E-03    -11.7521E-03    -13.3873E-03
            2048               1     80.2314E-03     73.1601E-03    -14.8818E-03    -17.1683E-03
            2049               1     127.777E-03     115.070E-03    -18.8420E-03    -20.5693E-03
            2050               1     179.697E-03     161.080E-03    -31.4759E-03    -35.6646E-03
            2051               1     259.785E-03     234.173E-03    -45.1147E-03    -44.9169E-03
            2052               1     91.0150E-03     66.4841E-03    -11.0951E-03    -9.53067E-03
            2053               1     66.4821E-03     49.3039E-03    -25.4480E-03    -21.8251E-03
            2054               1     51.9673E-03     48.8487E-03    -29.7802E-03    -27.9047E-03
            2055               1     67.2771E-03     67.7357E-03    -30.7079E-03    -28.1933E-03
            2056               1     97.5877E-03     95.3529E-03    -26.0996E-03    -24.0190E-03
            2057               1     137.146E-03     130.413E-03    -19.4391E-03    -17.3353E-03
            2058               1     175.886E-03     163.464E-03    -2.84783E-03    -257.639E-06
            2059               1     229.192E-03     217.015E-03     20.4456E-03     16.8664E-03
            2060               1     94.1723E-03     105.271E-03    -12.6079E-03    -18.1328E-03
            2061               1     64.3281E-03     61.5461E-03    -22.4637E-03    -18.8127E-03
            2062               1     43.8023E-03     35.1574E-03    -25.0408E-03    -19.9732E-03
            2063               1     61.8106E-03     58.2393E-03    -24.6480E-03    -20.2651E-03
            2064               1     103.054E-03     101.806E-03    -22.0950E-03    -17.2194E-03
            2065               1     145.052E-03     144.119E-03    -15.8182E-03    -11.4602E-03
            2066               1     197.567E-03     201.995E-03    -7.30251E-03    -5.79424E-03
            2067               1     242.281E-03     243.832E-03    -2.40133E-03    -7.83583E-03
            2068               1     106.277E-03     104.692E-03    -12.6541E-03    -16.1666E-03
            2069               1     59.9580E-03     66.8470E-03    -19.0255E-03    -20.7917E-03
            2070               1     40.6108E-03     35.1162E-03    -23.0304E-03    -19.6517E-03
            2071               1     63.4496E-03     59.3342E-03    -22.7518E-03    -18.4679E-03
            2072               1     106.232E-03     105.468E-03    -21.3811E-03    -17.4522E-03
            2073               1     156.793E-03     160.873E-03    -17.3843E-03    -13.9840E-03
            2074               1     203.049E-03     206.797E-03    -15.0027E-03    -16.3903E-03
            2075               1     246.049E-03     245.431E-03    -9.77171E-03    -11.6513E-03
            2076               1     110.468E-03     112.914E-03    -11.6359E-03    -13.2765E-03
            2077               1     63.7459E-03     65.8677E-03    -17.7767E-03    -18.4414E-03
            2078               1     36.8946E-03     37.1627E-03    -20.9351E-03    -21.1777E-03
            2079               1     64.6466E-03     61.2951E-03    -22.9281E-03    -21.2445E-03
            2080               1     110.927E-03     111.961E-03    -21.3506E-03    -19.1882E-03
            2081               1     160.214E-03     162.952E-03    -20.9832E-03    -20.3448E-03
            2082               1     207.687E-03     209.702E-03    -16.7225E-03    -15.8216E-03
            2083               1     256.227E-03     252.645E-03    -9.35379E-03    -10.0233E-03
            2084               1     117.384E-03     116.587E-03    -12.4463E-03    -12.2689E-03
            2085               1     65.1462E-03     69.6328E-03    -16.5018E-03    -17.4892E-03
            2086               1     35.6246E-03     37.0073E-03    -20.0605E-03    -20.9002E-03
            2087               1     63.2915E-03     62.6615E-03    -21.9106E-03    -23.7121E-03
            2088               1     113.882E-03     116.010E-03    -23.7374E-03    -25.2324E-03
            2089               1     162.133E-03     165.223E-03    -20.8390E-03    -19.9784E-03
            2090               1     213.256E-03     213.261E-03    -18.2167E-03    -17.3990E-03
            2091               1     262.077E-03     260.258E-03    -14.1744E-03    -11.8428E-03
            2092               1     120.656E-03     121.995E-03    -10.9213E-03    -9.33030E-03
            2093               1     68.6574E-03     72.3043E-03    -15.4812E-03    -15.1893E-03
            2094               1     34.8588E-03     41.2906E-03    -19.2594E-03    -22.4435E-03
            2095               1     62.7021E-03     64.0122E-03    -21.0547E-03    -24.6925E-03
            2096               1     108.906E-03     109.709E-03    -21.9099E-03    -26.0971E-03
            2097               1     167.005E-03     171.265E-03    -24.5951E-03    -27.6122E-03
            2098               1     216.682E-03     220.564E-03    -20.3036E-03    -16.9741E-03
            2099               1     268.389E-03     263.157E-03    -13.7115E-03    -10.3495E-03
            2100               1     128.680E-03     130.018E-03    -12.7560E-03    -8.72720E-03
            2101               1     73.2684E-03     79.5067E-03    -16.9823E-03    -18.2418E-03
            2102               1     28.0764E-03     35.1365E-03    -15.7820E-03    -19.5405E-03
            2103               1     53.8425E-03     54.6100E-03    -16.5105E-03    -21.1870E-03
            2104               1     107.270E-03     105.150E-03    -19.3755E-03    -23.6408E-03
            2105               1     157.349E-03     154.012E-03    -23.5825E-03    -29.0836E-03
            2106               1     225.360E-03     227.198E-03    -29.6580E-03    -32.5610E-03
            2107               1     278.004E-03     282.779E-03    -23.2621E-03    -16.5462E-03
            2108               1     130.892E-03     125.559E-03    -21.9264E-03    -18.9669E-03
            2109               1     63.6677E-03     59.9997E-03    -12.3601E-03    -14.1047E-03
            2110               1     15.3386E-03     17.8624E-03    -7.36456E-03    -9.25001E-03
            2111               1     46.5539E-03     43.4235E-03    -8.05890E-03    -9.96449E-03
            2112               1     96.3611E-03     87.0256E-03    -12.1025E-03    -14.6951E-03
            2113               1     150.961E-03     135.704E-03    -17.4847E-03    -19.4185E-03
            2114               1     208.997E-03     187.069E-03    -32.8269E-03    -37.4195E-03
            2115               1     298.080E-03     269.239E-03    -49.6925E-03    -48.9797E-03
            2116               1     1.31866E-03     1.29692E-03     662.124E-06     671.121E-06
            2117               1     1.47950E-03     1.49277E-03     849.937E-06     860.413E-06
            2118               1     1.49012E-03     1.49996E-03     858.553E-06     865.142E-06
            2119               1     1.46744E-03     1.47904E-03     846.963E-06     853.777E-06
            2120               1     1.46744E-03     1.47904E-03     846.963E-06     853.777E-06
            2121               1     1.49012E-03     1.49996E-03     858.553E-06     865.142E-06
            2122               1     1.47950E-03     1.49277E-03     849.937E-06     860.413E-06
            2123               1     1.31866E-03     1.29692E-03     662.124E-06     671.121E-06
            2124               1     1.13934E-03     1.14240E-03     645.630E-06     646.128E-06
            2125               1     1.60224E-03     1.63503E-03     920.355E-06     938.865E-06
            2126               1     1.49321E-03     1.51492E-03     860.521E-06     873.167E-06
            2127               1     1.48496E-03     1.50907E-03     857.121E-06     871.054E-06
            2128               1     1.48496E-03     1.50907E-03     857.121E-06     871.054E-06
            2129               1     1.49321E-03     1.51492E-03     860.521E-06     873.167E-06
            2130               1     1.60224E-03     1.63503E-03     920.355E-06     938.865E-06
            2131               1     1.13934E-03     1.14240E-03     645.630E-06     646.128E-06
            2132               1     1.09082E-03     1.09577E-03     613.583E-06     623.502E-06
            2133               1     1.46649E-03     1.47566E-03     840.274E-06     842.676E-06
            2134               1     1.52551E-03     1.53988E-03     879.378E-06     886.638E-06
            2135               1     1.51167E-03     1.52469E-03     872.668E-06     880.056E-06
            2136               1     1.51167E-03     1.52469E-03     872.668E-06     880.056E-06
            2137               1     1.52551E-03     1.53988E-03     879.378E-06     886.638E-06
            2138               1     1.46649E-03     1.47566E-03     840.274E-06     842.676E-06
            2139               1     1.09082E-03     1.09577E-03     613.583E-06     623.502E-06
            3835               1     98.4989E-03     91.8004E-03     41.4385E-03     43.6689E-03
            3836               1     88.2135E-03     94.3280E-03     50.5353E-03     53.2949E-03
            3837               1     109.635E-03     113.317E-03     55.4205E-03     56.5153E-03
            3838               1     140.220E-03     142.866E-03     61.5932E-03     63.1793E-03
            3839               1     170.908E-03     170.203E-03     68.1072E-03     69.8293E-03
            3840               1     205.173E-03     200.703E-03     72.3587E-03     74.1354E-03
            3841               1     250.559E-03     241.822E-03     85.3896E-03     89.4694E-03
            3842               1     337.754E-03     319.326E-03     89.3041E-03     88.2425E-03
            3843               1     78.1355E-03     79.8315E-03     40.4626E-03     39.1164E-03
            3844               1     104.144E-03     109.201E-03     59.3226E-03     62.4512E-03
            3845               1     130.517E-03     135.807E-03     65.3349E-03     68.7534E-03
            3846               1     156.204E-03     159.322E-03     70.3871E-03     73.1695E-03
            3847               1     186.916E-03     190.762E-03     74.9250E-03     78.4288E-03
            3848               1     212.359E-03     215.686E-03     77.7728E-03     82.4813E-03
            3849               1     262.640E-03     268.245E-03     81.2391E-03     84.4727E-03
            3850               1     288.435E-03     289.767E-03     56.8138E-03     53.8478E-03
            3851               1     73.7210E-03     72.9407E-03     41.7645E-03     41.4645E-03
            3852               1     111.672E-03     110.008E-03     61.5575E-03     61.7313E-03
            3853               1     143.413E-03     144.965E-03     72.4736E-03     74.8070E-03
            3854               1     170.322E-03     173.333E-03     77.0073E-03     79.5915E-03
            3855               1     190.123E-03     193.440E-03     77.0530E-03     79.8434E-03
            3856               1     222.356E-03     229.866E-03     79.1898E-03     82.6263E-03
            3857               1     238.287E-03     241.310E-03     65.5368E-03     65.0114E-03
            3858               1     252.014E-03     249.992E-03     42.8127E-03     43.8168E-03
            3859               1     77.8937E-03     79.0349E-03     43.8429E-03     45.2479E-03
            3860               1     123.380E-03     122.523E-03     66.0621E-03     66.4600E-03
            3861               1     154.555E-03     152.752E-03     77.8789E-03     78.1514E-03
            3862               1     169.993E-03     169.588E-03     77.9807E-03     79.1919E-03
            3863               1     193.939E-03     195.369E-03     78.0660E-03     78.8145E-03
            3864               1     210.222E-03     212.460E-03     71.0321E-03     70.5559E-03
            3865               1     222.348E-03     226.980E-03     61.4207E-03     64.0591E-03
            3866               1     227.528E-03     227.221E-03     42.2855E-03     43.9522E-03
            3867               1     97.8267E-03     100.533E-03     50.7823E-03     52.9167E-03
            3868               1     144.443E-03     142.975E-03     76.0558E-03     76.5107E-03
            3869               1     154.158E-03     152.264E-03     78.7575E-03     79.0320E-03
            3870               1     170.813E-03     167.705E-03     78.7152E-03     78.0663E-03
            3871               1     183.893E-03     180.673E-03     73.9485E-03     73.0802E-03
            3872               1     197.674E-03     194.535E-03     66.5655E-03     65.0709E-03
            3873               1     206.414E-03     207.879E-03     54.6066E-03     54.1821E-03
            3874               1     202.078E-03     204.816E-03     33.8876E-03     39.0492E-03
            3875               1     137.176E-03     135.519E-03     63.9838E-03     65.9018E-03
            3876               1     149.830E-03     149.364E-03     80.3555E-03     81.1019E-03
            3877               1     158.071E-03     155.488E-03     80.5117E-03     80.0394E-03
            3878               1     168.974E-03     165.822E-03     80.1155E-03     79.8653E-03
            3879               1     176.925E-03     171.659E-03     73.7590E-03     73.0282E-03
            3880               1     182.348E-03     174.781E-03     63.4797E-03     62.5915E-03
            3881               1     180.592E-03     168.901E-03     46.0036E-03     44.4148E-03
            3882               1     162.305E-03     153.256E-03     17.3142E-03     20.0989E-03
            3883               1     68.6606E-03     67.1638E-03     30.6304E-03     30.5248E-03
            3884               1     81.5225E-03     79.7708E-03     30.6304E-03     30.5248E-03
            3885               1     96.1679E-03     94.2682E-03     30.6304E-03     30.5248E-03
            3886               1     111.899E-03     109.910E-03     30.6304E-03     30.5248E-03
            3887               1     128.316E-03     126.273E-03     30.6304E-03     30.5248E-03
            3888               1     145.188E-03     143.108E-03     30.6304E-03     30.5248E-03
            3889               1     162.372E-03     160.268E-03     30.6304E-03     30.5248E-03
            3890               1     179.779E-03     177.659E-03     30.6304E-03     30.5248E-03
            3891               1     147.045E-03     104.429E-03     34.0602E-03     34.7628E-03
            3892               1     87.3166E-03     58.5658E-03     29.6221E-03     31.1221E-03
            3893               1     47.9065E-03     49.6213E-03     24.5545E-03     25.3965E-03
            3894               1     52.1707E-03     85.5836E-03     24.1987E-03     25.5381E-03
            3895               1     93.1088E-03     129.665E-03     24.6033E-03     25.6093E-03
            3896               1     142.929E-03     178.025E-03     25.5614E-03     26.7142E-03
            3897               1     193.069E-03     225.226E-03     34.5656E-03     35.8264E-03
            3898               1     265.150E-03     292.895E-03     52.2844E-03     53.0836E-03
            3899               1     73.8141E-03     121.989E-03     19.6656E-03     19.9756E-03
            3900               1     73.6738E-03     105.405E-03     39.6610E-03     41.1188E-03
            3901               1     75.2173E-03     75.5696E-03     40.7012E-03     41.7209E-03
            3902               1     103.821E-03     80.0405E-03     41.8921E-03     43.0718E-03
            3903               1     143.508E-03     110.351E-03     41.7372E-03     42.7854E-03
            3904               1     184.826E-03     150.262E-03     39.3244E-03     40.6722E-03
            3905               1     232.245E-03     197.849E-03     35.4236E-03     36.0684E-03
            3906               1     259.670E-03     227.293E-03    -138.184E-06     1.93476E-03
            3907               1     117.146E-03     81.8813E-03     22.4388E-03     28.4733E-03
            3908               1     51.8804E-03     46.8752E-03     21.4803E-03     26.7360E-03
            3909               1     42.9666E-03     57.5313E-03     23.0498E-03     23.8048E-03
            3910               1     76.3215E-03     96.7373E-03     24.4233E-03     26.1016E-03
            3911               1     120.118E-03     136.728E-03     31.5775E-03     33.2886E-03
            3912               1     166.933E-03     179.049E-03     35.5708E-03     38.1898E-03
            3913               1     221.227E-03     227.113E-03     53.4337E-03     56.6133E-03
            3914               1     309.043E-03     309.912E-03     67.8033E-03     62.9459E-03
            3915               1     86.3811E-03     96.5790E-03     22.9658E-03     17.9621E-03
            3916               1     58.3410E-03     65.5599E-03     29.7730E-03     34.4187E-03
            3917               1     60.8660E-03     71.9147E-03     31.6342E-03     35.2980E-03
            3918               1     93.5321E-03     102.438E-03     34.7688E-03     37.0080E-03
            3919               1     137.620E-03     149.218E-03     35.8992E-03     39.2368E-03
            3920               1     180.497E-03     193.913E-03     42.0497E-03     47.6637E-03
            3921               1     243.237E-03     255.714E-03     47.2161E-03     50.6141E-03
            3922               1     292.046E-03     292.150E-03     32.0238E-03     31.7798E-03
            3923               1     80.3695E-03     76.6279E-03     24.5806E-03     19.5469E-03
            3924               1     65.2809E-03     59.8941E-03     36.1435E-03     31.5818E-03
            3925               1     74.2208E-03     76.4198E-03     38.7679E-03     41.5334E-03
            3926               1     105.394E-03     106.741E-03     38.3737E-03     40.8435E-03
            3927               1     143.880E-03     144.047E-03     39.0763E-03     40.1980E-03
            3928               1     194.603E-03     202.427E-03     39.4831E-03     40.9513E-03
            3929               1     233.252E-03     243.869E-03     31.8582E-03     36.6465E-03
            3930               1     267.354E-03     267.239E-03     19.4475E-03     25.5852E-03
            3931               1     73.0139E-03     70.8434E-03     28.2240E-03     28.0666E-03
            3932               1     70.2204E-03     72.7142E-03     39.2859E-03     40.2695E-03
            3933               1     84.3708E-03     76.3243E-03     42.9062E-03     41.9696E-03
            3934               1     110.969E-03     100.686E-03     42.3468E-03     42.3067E-03
            3935               1     150.152E-03     141.249E-03     40.3930E-03     40.9277E-03
            3936               1     186.961E-03     175.054E-03     32.6911E-03     29.7140E-03
            3937               1     227.023E-03     225.572E-03     23.9193E-03     22.3788E-03
            3938               1     253.674E-03     264.018E-03     13.9198E-03     21.3219E-03
            3939               1     48.9985E-03     70.7393E-03     26.2805E-03     32.6861E-03
            3940               1     78.8568E-03     82.2227E-03     45.0135E-03     46.2355E-03
            3941               1     95.0639E-03     85.5097E-03     48.7099E-03     47.6848E-03
            3942               1     122.178E-03     106.379E-03     49.7189E-03     49.6677E-03
            3943               1     148.240E-03     126.063E-03     43.0485E-03     42.0474E-03
            3944               1     180.064E-03     154.852E-03     34.9226E-03     34.5310E-03
            3945               1     209.967E-03     175.152E-03     16.8932E-03     12.2134E-03
            3946               1     249.096E-03     209.905E-03    -10.6863E-03    -11.2842E-03
            5375               1     1.98144E-03     1.90029E-03    -734.011E-06    -737.678E-06
            5376               1     1.60435E-03     1.60484E-03    -836.023E-06    -858.399E-06
            5377               1     1.46903E-03     1.47393E-03    -819.659E-06    -827.981E-06
            5378               1     1.47454E-03     1.49143E-03    -849.145E-06    -859.593E-06
            5379               1     1.47454E-03     1.49143E-03    -849.145E-06    -859.593E-06
            5380               1     1.46903E-03     1.47393E-03    -819.659E-06    -827.981E-06
            5381               1     1.60435E-03     1.60484E-03    -836.023E-06    -858.399E-06
            5382               1     1.98144E-03     1.90029E-03    -734.011E-06    -737.678E-06
            5383               1     1.54863E-03     1.56093E-03    -591.551E-06    -583.099E-06
            5384               1     1.65537E-03     1.69092E-03    -858.629E-06    -878.453E-06
            5385               1     1.58649E-03     1.62771E-03    -899.069E-06    -925.024E-06
            5386               1     1.59711E-03     1.63334E-03    -919.378E-06    -940.347E-06
            5387               1     1.59711E-03     1.63334E-03    -919.378E-06    -940.347E-06
            5388               1     1.58649E-03     1.62771E-03    -899.069E-06    -925.024E-06
            5389               1     1.65537E-03     1.69092E-03    -858.629E-06    -878.453E-06
            5390               1     1.54863E-03     1.56093E-03    -591.551E-06    -583.099E-06
            5391               1     1.22733E-03     1.23003E-03    -523.044E-06    -529.491E-06
            5392               1     1.48766E-03     1.49399E-03    -793.972E-06    -792.567E-06
            5393               1     1.66306E-03     1.70377E-03    -942.568E-06    -964.104E-06
            5394               1     1.68557E-03     1.72259E-03    -972.319E-06    -993.731E-06
            5395               1     1.68557E-03     1.72259E-03    -972.319E-06    -993.731E-06
            5396               1     1.66306E-03     1.70377E-03    -942.568E-06    -964.104E-06
            5397               1     1.48766E-03     1.49399E-03    -793.972E-06    -792.567E-06
            5398               1     1.22733E-03     1.23003E-03    -523.044E-06    -529.491E-06
            5399               1     1.08635E-03     1.09415E-03    -544.015E-06    -547.998E-06
            5400               1     1.40271E-03     1.42729E-03    -778.015E-06    -791.209E-06
            5401               1     1.62712E-03     1.63858E-03    -929.599E-06    -934.877E-06
            5402               1     1.73335E-03     1.75934E-03    -999.592E-06    -1.01431E-03
            5403               1     1.73335E-03     1.75934E-03    -999.592E-06    -1.01431E-03
            5404               1     1.62712E-03     1.63858E-03    -929.599E-06    -934.877E-06
            5405               1     1.40271E-03     1.42729E-03    -778.015E-06    -791.209E-06
            5406               1     1.08635E-03     1.09415E-03    -544.015E-06    -547.998E-06
            5407               1     933.970E-06     964.032E-06    -517.777E-06    -536.915E-06
            5408               1     1.39100E-03     1.40377E-03    -793.803E-06    -800.056E-06
            5409               1     1.63362E-03     1.64501E-03    -938.157E-06    -944.259E-06
            5410               1     1.69159E-03     1.69714E-03    -975.320E-06    -978.429E-06
            5411               1     1.69159E-03     1.69714E-03    -975.320E-06    -978.429E-06
            5412               1     1.63362E-03     1.64501E-03    -938.157E-06    -944.259E-06
            5413               1     1.39100E-03     1.40377E-03    -793.803E-06    -800.056E-06
            5414               1     933.970E-06     964.032E-06    -517.777E-06    -536.915E-06
            5415               1     977.953E-06     1.01532E-03    -562.226E-06    -584.260E-06
            5416               1     1.44647E-03     1.45609E-03    -832.602E-06    -838.524E-06
            5417               1     1.57544E-03     1.57593E-03    -903.746E-06    -903.789E-06
            5418               1     1.62308E-03     1.61967E-03    -936.840E-06    -934.827E-06
            5419               1     1.62308E-03     1.61967E-03    -936.840E-06    -934.827E-06
            5420               1     1.57544E-03     1.57593E-03    -903.746E-06    -903.789E-06
            5421               1     1.44647E-03     1.45609E-03    -832.602E-06    -838.524E-06
            5422               1     977.953E-06     1.01532E-03    -562.226E-06    -584.260E-06
            5423               1     1.15698E-03     1.17003E-03    -613.081E-06    -624.962E-06
            5424               1     1.41265E-03     1.41868E-03    -813.986E-06    -817.945E-06
            5425               1     1.48399E-03     1.48003E-03    -856.034E-06    -853.773E-06
            5426               1     1.56885E-03     1.56601E-03    -905.385E-06    -903.828E-06
            5427               1     1.56885E-03     1.56601E-03    -905.385E-06    -903.828E-06
            5428               1     1.48399E-03     1.48003E-03    -856.034E-06    -853.773E-06
            5429               1     1.41265E-03     1.41868E-03    -813.986E-06    -817.945E-06
            5430               1     1.15698E-03     1.17003E-03    -613.081E-06    -624.962E-06
            6229               1     50.2854E-03     33.5001E-03    -5.46884E-03    -8.91568E-03
            6230               1     59.5198E-03     46.5457E-03    -4.35591E-03    -6.18062E-03
            6231               1     73.6643E-03     62.2102E-03    -628.730E-06    -157.650E-06
            6232               1     89.5814E-03     77.3172E-03     2.54908E-03     2.57272E-03
            6233               1     106.408E-03     92.6600E-03     7.96792E-03     9.35860E-03
            6234               1     126.194E-03     109.976E-03     12.5164E-03     13.2174E-03
            6235               1     149.218E-03     128.937E-03     22.7150E-03     26.5084E-03
            6236               1     192.952E-03     165.693E-03     31.7738E-03     33.9706E-03
            6237               1     39.2293E-03     42.2508E-03     249.201E-06     522.914E-06
            6238               1     61.7365E-03     55.1179E-03     1.63065E-03     93.0965E-06
            6239               1     78.0452E-03     69.2306E-03     3.48108E-03     3.09893E-03
            6240               1     94.4358E-03     85.9071E-03     6.15342E-03     7.88874E-03
            6241               1     113.334E-03     104.698E-03     9.63054E-03     10.7807E-03
            6242               1     130.589E-03     122.104E-03     13.3235E-03     16.6272E-03
            6243               1     157.618E-03     154.319E-03     17.4609E-03     20.2235E-03
            6244               1     172.514E-03     177.270E-03     14.1272E-03     10.4791E-03
            6245               1     44.4114E-03     39.1689E-03     3.79370E-03     4.46283E-03
            6246               1     62.1178E-03     61.4607E-03     4.69855E-03     6.33953E-03
            6247               1     81.0733E-03     76.6729E-03     6.09448E-03     6.95200E-03
            6248               1     99.5283E-03     94.4942E-03     8.52985E-03     9.37997E-03
            6249               1     115.973E-03     111.407E-03     9.75928E-03     11.7024E-03
            6250               1     136.508E-03     134.800E-03     12.3798E-03     13.5958E-03
            6251               1     152.171E-03     153.286E-03     10.5563E-03     7.69320E-03
            6252               1     169.552E-03     162.775E-03     6.79328E-03     4.45254E-03
            6253               1     44.8760E-03     44.6513E-03     5.31026E-03     6.00995E-03
            6254               1     65.2770E-03     61.8299E-03     6.46748E-03     7.96549E-03
            6255               1     83.6226E-03     82.3151E-03     7.98699E-03     9.76235E-03
            6256               1     101.291E-03     98.6003E-03     8.63636E-03     9.77773E-03
            6257               1     119.662E-03     117.933E-03     10.6579E-03     11.2760E-03
            6258               1     135.124E-03     134.593E-03     9.55198E-03     8.21196E-03
            6259               1     151.393E-03     147.777E-03     8.35740E-03     6.63896E-03
            6260               1     164.780E-03     163.461E-03     5.90262E-03     3.97716E-03
            6261               1     48.0210E-03     45.2280E-03     6.19095E-03     7.16562E-03
            6262               1     66.1678E-03     65.7275E-03     7.47524E-03     9.05516E-03
            6263               1     85.4615E-03     82.9104E-03     8.06096E-03     9.53803E-03
            6264               1     103.118E-03     102.024E-03     9.93616E-03     10.6938E-03
            6265               1     119.255E-03     118.224E-03     9.15565E-03     8.73604E-03
            6266               1     135.229E-03     132.946E-03     9.51011E-03     8.30211E-03
            6267               1     148.406E-03     147.526E-03     7.34941E-03     5.50006E-03
            6268               1     163.004E-03     158.310E-03     3.73941E-03     2.43222E-03
            6269               1     48.0575E-03     48.7022E-03     6.43818E-03     7.89740E-03
            6270               1     68.6530E-03     65.6155E-03     7.65846E-03     9.06567E-03
            6271               1     85.6053E-03     84.7064E-03     9.29846E-03     10.1695E-03
            6272               1     103.111E-03     101.536E-03     8.90571E-03     8.94065E-03
            6273               1     118.963E-03     117.665E-03     9.99860E-03     9.29225E-03
            6274               1     132.783E-03     132.298E-03     8.19792E-03     6.81354E-03
            6275               1     147.090E-03     143.912E-03     6.59239E-03     5.28164E-03
            6276               1     157.827E-03     156.455E-03     3.86863E-03     2.60683E-03
            6277               1     51.8130E-03     48.3908E-03     7.41232E-03     8.58654E-03
            6278               1     67.8262E-03     67.6369E-03     8.80044E-03     9.77407E-03
            6279               1     86.4239E-03     83.8801E-03     9.30763E-03     9.56908E-03
            6280               1     100.979E-03     100.212E-03     10.4395E-03     9.47148E-03
            6281               1     116.118E-03     116.445E-03     8.17617E-03     7.02767E-03
            6282               1     131.186E-03     130.138E-03     7.99848E-03     6.99271E-03
            6283               1     142.438E-03     142.406E-03     5.66572E-03     4.73117E-03
            6284               1     155.853E-03     151.537E-03     1.98178E-03     1.78787E-03
            6285               1     49.1526E-03     53.3421E-03     7.44821E-03     9.94226E-03
            6286               1     71.7629E-03     67.4548E-03     10.3909E-03     11.0978E-03
            6287               1     84.0805E-03     83.4210E-03     12.8361E-03     11.0026E-03
            6288               1     96.4805E-03     97.7063E-03     10.4795E-03     8.43502E-03
            6289               1     110.147E-03     111.877E-03     7.86950E-03     6.82219E-03
            6290               1     126.514E-03     128.726E-03     4.29432E-03     3.62432E-03
            6291               1     141.617E-03     139.990E-03     3.97378E-03     4.12967E-03
            6292               1     147.885E-03     149.635E-03     2.01243E-03     1.39349E-03
            6293               1     61.5080E-03     53.7212E-03     11.1201E-03     13.2611E-03
            6294               1     71.5230E-03     72.6481E-03     17.9743E-03     14.3967E-03
            6295               1     77.9244E-03     81.4326E-03     15.4085E-03     12.5170E-03
            6296               1     89.7004E-03     93.5525E-03     11.1267E-03     9.83088E-03
            6297               1     103.199E-03     107.005E-03     7.75859E-03     5.92401E-03
            6298               1     115.558E-03     119.414E-03     1.63730E-03     1.40654E-03
            6299               1     135.456E-03     139.908E-03    -4.49704E-03    -2.78155E-03
            6300               1     151.960E-03     146.061E-03    -3.59466E-03    -2.35517E-03
            6301               1     61.1731E-03     76.6556E-03     23.0555E-03     18.3052E-03
            6302               1     64.6046E-03     74.9506E-03     22.5284E-03     19.9015E-03
            6303               1     72.3150E-03     81.1019E-03     16.6168E-03     15.9774E-03
            6304               1     82.9607E-03     89.6816E-03     14.0954E-03     12.7864E-03
            6305               1     93.3597E-03     98.7482E-03     7.36149E-03     7.16670E-03
            6306               1     106.094E-03     110.294E-03     2.38080E-03     1.74381E-03
            6307               1     117.573E-03     121.945E-03    -9.61055E-03    -8.98147E-03
            6308               1     139.851E-03     148.371E-03    -22.0204E-03    -17.0262E-03
            6309               1     28.4107E-03     9.81108E-03     996.980E-06    -2.67444E-03
            6310               1     37.9730E-03     24.2398E-03     1.84144E-03    -42.6267E-06
            6311               1     49.1524E-03     38.3431E-03     3.81127E-03     4.13002E-03
            6312               1     61.7578E-03     50.4584E-03     6.05345E-03     5.89617E-03
            6313               1     74.8119E-03     62.8750E-03     9.44683E-03     10.6145E-03
            6314               1     90.1400E-03     76.0868E-03     12.3928E-03     12.9037E-03
            6315               1     108.503E-03     91.3751E-03     19.0441E-03     22.3844E-03
            6316               1     143.288E-03     119.295E-03     24.5198E-03     27.1755E-03
            6317               1     19.3733E-03     23.5127E-03     3.30049E-03     3.82623E-03
            6318               1     39.1444E-03     32.4210E-03     6.12942E-03     4.30820E-03
            6319               1     52.6589E-03     44.4654E-03     7.25580E-03     6.55019E-03
            6320               1     64.8487E-03     57.5159E-03     8.78470E-03     10.0994E-03
            6321               1     79.3089E-03     71.6639E-03     11.1210E-03     11.8581E-03
            6322               1     92.2394E-03     85.0625E-03     13.1626E-03     15.9720E-03
            6323               1     112.718E-03     109.677E-03     15.5760E-03     18.2205E-03
            6324               1     123.382E-03     128.259E-03     12.4130E-03     9.52035E-03
            6325               1     26.6286E-03     22.7185E-03     5.47882E-03     6.44171E-03
            6326               1     39.0985E-03     39.7847E-03     7.22868E-03     8.69341E-03
            6327               1     54.2308E-03     50.7087E-03     9.11188E-03     9.59547E-03
            6328               1     68.3945E-03     64.0708E-03     10.7911E-03     11.2487E-03
            6329               1     80.3048E-03     76.5291E-03     11.3806E-03     12.9152E-03
            6330               1     95.5803E-03     93.9945E-03     12.9260E-03     13.9022E-03
            6331               1     106.766E-03     107.794E-03     11.0406E-03     8.66009E-03
            6332               1     120.784E-03     114.691E-03     7.07249E-03     5.00833E-03
            6333               1     27.5855E-03     28.4136E-03     6.76915E-03     7.53743E-03
            6334               1     42.7732E-03     40.6827E-03     8.40931E-03     9.84014E-03
            6335               1     55.9566E-03     55.7380E-03     10.0555E-03     11.6061E-03
            6336               1     69.0940E-03     67.1373E-03     10.9475E-03     11.8051E-03
            6337               1     82.5868E-03     81.1574E-03     12.2549E-03     12.6464E-03
            6338               1     93.4367E-03     92.9706E-03     11.1415E-03     9.88471E-03
            6339               1     105.553E-03     102.371E-03     9.46178E-03     7.89421E-03
            6340               1     114.911E-03     114.427E-03     6.35769E-03     4.71032E-03
            6341               1     31.1199E-03     29.5015E-03     7.29725E-03     8.36564E-03
            6342               1     43.7615E-03     44.5385E-03     9.05065E-03     10.6188E-03
            6343               1     57.7792E-03     56.3386E-03     10.1234E-03     11.5310E-03
            6344               1     70.3566E-03     69.8831E-03     11.7766E-03     12.4459E-03
            6345               1     81.6663E-03     80.9130E-03     11.3084E-03     10.8730E-03
            6346               1     93.0711E-03     91.0395E-03     11.1476E-03     9.94177E-03
            6347               1     101.915E-03     101.488E-03     8.76811E-03     7.02559E-03
            6348               1     112.573E-03     108.754E-03     4.82603E-03     3.53938E-03
            6349               1     31.6902E-03     33.2482E-03     7.47046E-03     8.87370E-03
            6350               1     46.4985E-03     44.7800E-03     9.16001E-03     10.6212E-03
            6351               1     58.2049E-03     58.2869E-03     10.9468E-03     11.9329E-03
            6352               1     70.3669E-03     69.3640E-03     11.0855E-03     11.2504E-03
            6353               1     81.3376E-03     80.3078E-03     11.8661E-03     11.2171E-03
            6354               1     90.4021E-03     90.1242E-03     10.2712E-03     8.93029E-03
            6355               1     100.207E-03     97.5067E-03     8.25065E-03     6.87535E-03
            6356               1     106.858E-03     106.379E-03     4.92057E-03     3.67599E-03
            6357               1     35.7023E-03     33.5158E-03     8.13000E-03     9.26379E-03
            6358               1     46.4377E-03     47.2923E-03     9.95662E-03     11.0436E-03
            6359               1     59.3553E-03     57.8025E-03     10.9307E-03     11.4458E-03
            6360               1     69.1053E-03     68.8614E-03     12.1345E-03     11.4995E-03
            6361               1     78.7747E-03     79.2101E-03     10.5853E-03     9.71266E-03
            6362               1     88.8623E-03     87.8773E-03     10.1006E-03     9.04041E-03
            6363               1     95.4809E-03     95.8833E-03     7.65934E-03     6.62014E-03
            6364               1     104.392E-03     100.934E-03     3.70327E-03     3.25943E-03
            6365               1     33.9387E-03     38.7269E-03     7.89005E-03     10.1486E-03
            6366               1     50.4914E-03     47.5576E-03     11.0037E-03     11.8922E-03
            6367               1     58.5135E-03     58.3666E-03     13.5763E-03     12.1639E-03
            6368               1     65.7489E-03     67.2412E-03     12.0922E-03     10.4889E-03
            6369               1     74.3127E-03     76.5103E-03     10.1221E-03     9.53194E-03
            6370               1     84.4206E-03     86.5609E-03     7.50575E-03     7.12266E-03
            6371               1     94.2816E-03     92.6408E-03     6.63245E-03     6.31104E-03
            6372               1     96.4396E-03     98.8976E-03     3.86017E-03     3.02291E-03
            6373               1     45.3637E-03     39.1848E-03     10.3951E-03     12.3162E-03
            6374               1     51.8588E-03     52.7204E-03     16.9001E-03     13.6500E-03
            6375               1     54.3006E-03     57.7174E-03     15.2128E-03     12.6996E-03
            6376               1     60.9596E-03     65.3708E-03     12.1693E-03     11.3292E-03
            6377               1     68.9545E-03     73.2759E-03     9.94210E-03     8.55543E-03
            6378               1     76.0081E-03     80.8837E-03     5.37719E-03     5.69559E-03
            6379               1     87.5817E-03     92.2338E-03     812.341E-06     2.68989E-03
            6380               1     98.6232E-03     92.8835E-03     445.820E-06     962.034E-06
            6381               1     45.4974E-03     59.4667E-03     19.4501E-03     14.9430E-03
            6382               1     47.0804E-03     56.0615E-03     19.6430E-03     17.1358E-03
            6383               1     50.3357E-03     58.8906E-03     15.4667E-03     14.9906E-03
            6384               1     56.4664E-03     63.4779E-03     13.9948E-03     12.8840E-03
            6385               1     61.7850E-03     68.4987E-03     9.28633E-03     9.33194E-03
            6386               1     68.7597E-03     74.8323E-03     5.79425E-03     5.35845E-03
            6387               1     73.7187E-03     81.1604E-03    -2.62757E-03    -1.48516E-03
            6388               1     83.7584E-03     95.9420E-03    -11.9060E-03    -7.35209E-03
            6389               1     15.8559E-03     13.6863E-03     7.53162E-03     3.67163E-03
            6390               1     22.5083E-03     11.5942E-03     8.30287E-03     6.26002E-03
            6391               1     27.7989E-03     19.6867E-03     8.53010E-03     8.59664E-03
            6392               1     35.5425E-03     26.3792E-03     9.72733E-03     9.34262E-03
            6393               1     43.3074E-03     34.5130E-03     10.9750E-03     11.8723E-03
            6394               1     52.9862E-03     42.0448E-03     12.1251E-03     12.4679E-03
            6395               1     65.6280E-03     52.7909E-03     15.0148E-03     17.8909E-03
            6396               1     90.2209E-03     70.2728E-03     16.6650E-03     19.7781E-03
            6397               1     11.4158E-03     13.6466E-03     6.54938E-03     7.40288E-03
            6398               1     23.6552E-03     17.4366E-03     10.9014E-03     8.64168E-03
            6399               1     30.9856E-03     24.1242E-03     11.2414E-03     10.0389E-03
            6400               1     37.0079E-03     31.9421E-03     11.5625E-03     12.2730E-03
            6401               1     45.4980E-03     39.5627E-03     12.5213E-03     12.8394E-03
            6402               1     52.8466E-03     47.8864E-03     12.8168E-03     15.1161E-03
            6403               1     65.5056E-03     63.3128E-03     13.3008E-03     15.8917E-03
            6404               1     71.2746E-03     76.0782E-03     10.3661E-03     8.38134E-03
            6405               1     14.8791E-03     15.4661E-03     7.48066E-03     8.78892E-03
            6406               1     21.7179E-03     23.7975E-03     10.0792E-03     11.2354E-03
            6407               1     31.3207E-03     29.1107E-03     12.3958E-03     12.2599E-03
            6408               1     39.0952E-03     35.9295E-03     13.0628E-03     13.0711E-03
            6409               1     45.0519E-03     42.6232E-03     12.9815E-03     13.9901E-03
            6410               1     53.5703E-03     52.5822E-03     13.1519E-03     13.9978E-03
            6411               1     59.4218E-03     60.1236E-03     11.2247E-03     9.50762E-03
            6412               1     69.0307E-03     63.6722E-03     7.04136E-03     5.36362E-03
            6413               1     16.9711E-03     18.1218E-03     8.78534E-03     9.31218E-03
            6414               1     24.6489E-03     25.0722E-03     10.7249E-03     11.9249E-03
            6415               1     31.6354E-03     32.8224E-03     12.3078E-03     13.5592E-03
            6416               1     38.9029E-03     38.0227E-03     13.4380E-03     13.7896E-03
            6417               1     45.7982E-03     45.0923E-03     13.5966E-03     13.9068E-03
            6418               1     51.1359E-03     50.3879E-03     12.5542E-03     11.4284E-03
            6419               1     57.4982E-03     55.0632E-03     10.1717E-03     8.93803E-03
            6420               1     62.2137E-03     62.2541E-03     6.35502E-03     5.34223E-03
            6421               1     18.8079E-03     19.8049E-03     8.81108E-03     10.0211E-03
            6422               1     25.9517E-03     27.5995E-03     11.1105E-03     12.3941E-03
            6423               1     32.8763E-03     33.4614E-03     12.5220E-03     13.6236E-03
            6424               1     39.3314E-03     39.8292E-03     13.4681E-03     14.2564E-03
            6425               1     44.9488E-03     44.1275E-03     13.5524E-03     12.9732E-03
            6426               1     49.8289E-03     48.4205E-03     12.3610E-03     11.4180E-03
            6427               1     53.8740E-03     53.0977E-03     9.80312E-03     8.41261E-03
            6428               1     58.9253E-03     56.4815E-03     5.60758E-03     4.33845E-03
            6429               1     20.9800E-03     21.3621E-03     9.48773E-03     9.99143E-03
            6430               1     27.1175E-03     28.4391E-03     10.9665E-03     12.3686E-03
            6431               1     33.8459E-03     34.8862E-03     12.5602E-03     13.8919E-03
            6432               1     39.6636E-03     39.3156E-03     13.5842E-03     13.7031E-03
            6433               1     44.1773E-03     43.5984E-03     13.3509E-03     13.1691E-03
            6434               1     48.2524E-03     46.7589E-03     12.3827E-03     11.0156E-03
            6435               1     50.8290E-03     49.3377E-03     9.55626E-03     8.18183E-03
            6436               1     53.7611E-03     52.7645E-03     5.29248E-03     4.69047E-03
            6437               1     21.2425E-03     23.4114E-03     8.85691E-03     10.2651E-03
            6438               1     29.0722E-03     29.5251E-03     11.2203E-03     12.4272E-03
            6439               1     34.4625E-03     35.0258E-03     12.6628E-03     13.4632E-03
            6440               1     39.5179E-03     39.4051E-03     13.3635E-03     13.7731E-03
            6441               1     43.7323E-03     42.5366E-03     13.5482E-03     12.7648E-03
            6442               1     45.8155E-03     44.8687E-03     12.0497E-03     11.0367E-03
            6443               1     48.2263E-03     46.4223E-03     9.57956E-03     8.39596E-03
            6444               1     48.9952E-03     48.5354E-03     5.53168E-03     4.31871E-03
            6445               1     24.5868E-03     23.9743E-03     9.41471E-03     10.1965E-03
            6446               1     29.3836E-03     30.9779E-03     11.2243E-03     12.2650E-03
            6447               1     35.4213E-03     35.3226E-03     12.7803E-03     13.4704E-03
            6448               1     39.2594E-03     39.0175E-03     13.7553E-03     13.3113E-03
            6449               1     41.5089E-03     41.6614E-03     12.9468E-03     12.5680E-03
            6450               1     44.4122E-03     43.1047E-03     12.0237E-03     10.9679E-03
            6451               1     44.0380E-03     44.1084E-03     9.38452E-03     8.39831E-03
            6452               1     45.3206E-03     43.2372E-03     5.13364E-03     4.67788E-03
            6453               1     22.9492E-03     28.1465E-03     8.46047E-03     10.4756E-03
            6454               1     32.7300E-03     31.6714E-03     11.8405E-03     12.7496E-03
            6455               1     36.1809E-03     35.9437E-03     14.2621E-03     13.1777E-03
            6456               1     37.0685E-03     38.1913E-03     13.7547E-03     12.6871E-03
            6457               1     38.6992E-03     41.0175E-03     12.2738E-03     12.2134E-03
            6458               1     40.3934E-03     42.1157E-03     10.6877E-03     10.8287E-03
            6459               1     42.4738E-03     40.5052E-03     9.18153E-03     8.42849E-03
            6460               1     38.0527E-03     40.8540E-03     5.58199E-03     4.42690E-03
            6461               1     32.3976E-03     28.1904E-03     9.83889E-03     11.4469E-03
            6462               1     35.5964E-03     35.3918E-03     15.7513E-03     12.8000E-03
            6463               1     33.9307E-03     35.9969E-03     15.0394E-03     12.8969E-03
            6464               1     34.0837E-03     38.2808E-03     13.0384E-03     12.6766E-03
            6465               1     35.1389E-03     39.1981E-03     12.0639E-03     11.3025E-03
            6466               1     34.7742E-03     40.8014E-03     9.09524E-03     10.1614E-03
            6467               1     35.4621E-03     40.7225E-03     6.36023E-03     8.53303E-03
            6468               1     38.2467E-03     32.5107E-03     4.67934E-03     4.30333E-03
            6469               1     32.6160E-03     44.6129E-03     15.9290E-03     11.6850E-03
            6470               1     32.5165E-03     38.7555E-03     16.7089E-03     14.3158E-03
            6471               1     30.6528E-03     37.7126E-03     13.9483E-03     13.6224E-03
            6472               1     31.7880E-03     37.6878E-03     13.6102E-03     12.7377E-03
            6473               1     30.6237E-03     37.9421E-03     10.9143E-03     11.2566E-03
            6474               1     30.2045E-03     37.6654E-03     9.12680E-03     8.99522E-03
            6475               1     26.3375E-03     37.8692E-03     4.68597E-03     6.48447E-03
            6476               1     20.1089E-03     38.0474E-03    -749.845E-06     3.25021E-03
            6477               1     19.5520E-03     21.7143E-03     10.7901E-03     7.41727E-03
            6478               1     24.4218E-03     21.1916E-03     12.3204E-03     11.5838E-03
            6479               1     25.1842E-03     22.9869E-03     12.2370E-03     13.0647E-03
            6480               1     28.1319E-03     23.0325E-03     13.6089E-03     13.1796E-03
            6481               1     28.1832E-03     24.2116E-03     13.4701E-03     13.8953E-03
            6482               1     29.3580E-03     22.6689E-03     13.9019E-03     13.0746E-03
            6483               1     29.8456E-03     25.0175E-03     13.4093E-03     14.4118E-03
            6484               1     35.1259E-03     24.3397E-03     10.2394E-03     13.2980E-03
            6485               1     12.2431E-03     18.8953E-03     6.61847E-03     10.6605E-03
            6486               1     23.4308E-03     23.2593E-03     12.8734E-03     13.3054E-03
            6487               1     26.5093E-03     23.6540E-03     14.2876E-03     13.5971E-03
            6488               1     25.1442E-03     24.2857E-03     13.6382E-03     13.9085E-03
            6489               1     26.3891E-03     24.2517E-03     14.0166E-03     13.7230E-03
            6490               1     26.4472E-03     25.5541E-03     13.8392E-03     14.5822E-03
            6491               1     28.3234E-03     24.9056E-03     14.1572E-03     13.6903E-03
            6492               1     21.7181E-03     21.6981E-03     11.3006E-03     7.39755E-03
            6493               1     16.1672E-03     19.4288E-03     7.15341E-03     11.1669E-03
            6494               1     23.5716E-03     25.8916E-03     13.5686E-03     13.9888E-03
            6495               1     25.3383E-03     25.4061E-03     14.6110E-03     13.9410E-03
            6496               1     24.3120E-03     26.1286E-03     13.8580E-03     14.1284E-03
            6497               1     24.6266E-03     25.5580E-03     14.0054E-03     13.7022E-03
            6498               1     24.2974E-03     27.8402E-03     13.6726E-03     14.3076E-03
            6499               1     23.6289E-03     24.7147E-03     13.1137E-03     12.3777E-03
            6500               1     21.3126E-03     12.0866E-03     10.3998E-03     6.71285E-03
            6501               1     21.8238E-03     28.3101E-03     12.5188E-03     9.08726E-03
            6502               1     24.5216E-03     26.8075E-03     13.9472E-03     13.2149E-03
            6503               1     23.4219E-03     28.1774E-03     13.3555E-03     14.1921E-03
            6504               1     25.0002E-03     28.1930E-03     14.2956E-03     13.8780E-03
            6505               1     23.7679E-03     29.2625E-03     13.6730E-03     14.0792E-03
            6506               1     23.1022E-03     26.8742E-03     13.3222E-03     12.3836E-03
            6507               1     20.2711E-03     26.7503E-03     11.5372E-03     12.2927E-03
            6508               1     15.8162E-03     21.3061E-03     6.96801E-03     10.1489E-03
