            1732               1     12.4162E-03     12.4037E-03    -6.47134E-03    -6.84789E-03
            1733               1     15.0294E-03     15.3551E-03    -8.65376E-03    -8.81696E-03
            1734               1     16.2372E-03     16.1694E-03    -9.34927E-03    -9.25830E-03
            1735               1     17.1249E-03     17.2083E-03    -9.86534E-03    -9.85317E-03
            1736               1     17.3828E-03     17.2199E-03    -10.0313E-03    -9.88428E-03
            1737               1     16.6518E-03     16.6554E-03    -9.60490E-03    -9.53912E-03
            1738               1     16.2996E-03     16.0544E-03    -9.39674E-03    -9.10352E-03
            1739               1     14.3861E-03     15.0916E-03    -7.59727E-03    -7.03368E-03
            1740               1     10.5523E-03     10.7008E-03    -6.09117E-03    -6.17031E-03
            1741               1     15.8099E-03     15.9628E-03    -9.07050E-03    -9.15330E-03
            1742               1     17.2450E-03     17.3468E-03    -9.84598E-03    -9.84190E-03
            1743               1     18.0876E-03     17.7734E-03    -10.4055E-03    -10.1786E-03
            1744               1     18.0837E-03     17.9466E-03    -10.4276E-03    -10.3128E-03
            1745               1     17.7007E-03     17.2210E-03    -10.2108E-03    -9.91700E-03
            1746               1     16.8440E-03     16.2738E-03    -9.68666E-03    -9.29880E-03
            1747               1     11.5463E-03     11.8805E-03    -6.28568E-03    -6.67699E-03
            1748               1     10.5624E-03     10.6066E-03    -5.82134E-03    -5.77896E-03
            1749               1     15.4294E-03     15.1409E-03    -8.70581E-03    -8.53386E-03
            1750               1     18.2704E-03     18.0629E-03    -10.4060E-03    -10.2531E-03
            1751               1     18.9039E-03     18.7971E-03    -10.8390E-03    -10.7439E-03
            1752               1     18.9402E-03     18.6073E-03    -10.9272E-03    -10.7232E-03
            1753               1     18.3090E-03     18.0946E-03    -10.5667E-03    -10.4354E-03
            1754               1     15.0852E-03     15.4602E-03    -8.70636E-03    -8.92435E-03
            1755               1     10.2568E-03     10.8631E-03    -5.89601E-03    -6.27019E-03
            1756               1     12.2189E-03     11.8272E-03    -5.83761E-03    -5.69411E-03
            1757               1     15.9103E-03     15.7091E-03    -8.66607E-03    -8.47897E-03
            1758               1     18.4576E-03     18.1795E-03    -10.3975E-03    -10.2217E-03
            1759               1     19.5633E-03     19.3514E-03    -11.2086E-03    -11.0727E-03
            1760               1     19.4500E-03     19.3906E-03    -11.2160E-03    -11.1785E-03
            1761               1     17.8557E-03     18.0931E-03    -10.3042E-03    -10.4362E-03
            1762               1     15.0863E-03     15.4441E-03    -8.61584E-03    -8.84012E-03
            1763               1     10.8578E-03     11.3343E-03    -5.95045E-03    -6.17763E-03
            1764               1     14.1602E-03     13.9891E-03    -5.98308E-03    -5.74019E-03
            1765               1     16.8774E-03     16.5086E-03    -8.70092E-03    -8.51840E-03
            1766               1     18.7030E-03     18.4533E-03    -10.3875E-03    -10.2092E-03
            1767               1     19.7586E-03     19.7411E-03    -11.2712E-03    -11.2648E-03
            1768               1     19.4126E-03     19.5594E-03    -11.2025E-03    -11.2907E-03
            1769               1     17.8851E-03     18.1432E-03    -10.2778E-03    -10.4257E-03
            1770               1     15.3808E-03     15.8765E-03    -8.58883E-03    -8.82305E-03
            1771               1     12.3109E-03     12.3599E-03    -6.00635E-03    -6.16057E-03
            1772               1     16.7778E-03     16.0904E-03    -5.92415E-03    -5.69524E-03
            1773               1     18.0414E-03     17.7320E-03    -8.83599E-03    -8.51321E-03
            1774               1     19.4141E-03     19.5062E-03    -10.5901E-03    -10.6677E-03
            1775               1     19.0177E-03     19.2834E-03    -10.8430E-03    -11.0368E-03
            1776               1     18.8666E-03     18.9915E-03    -10.8814E-03    -10.9620E-03
            1777               1     18.3753E-03     18.6409E-03    -10.5056E-03    -10.6080E-03
            1778               1     16.2254E-03     16.3874E-03    -8.63899E-03    -8.76554E-03
            1779               1     13.7356E-03     14.3541E-03    -5.87213E-03    -6.06287E-03
            1780               1     20.2336E-03     20.5288E-03    -6.69813E-03    -6.36018E-03
            1781               1     20.4431E-03     20.5860E-03    -9.68307E-03    -9.92698E-03
            1782               1     18.4426E-03     18.7023E-03    -10.0093E-03    -10.3509E-03
            1783               1     18.1694E-03     18.1832E-03    -10.2718E-03    -10.3714E-03
            1784               1     17.6251E-03     17.9914E-03    -10.1730E-03    -10.3827E-03
            1785               1     17.4464E-03     17.6220E-03    -9.99395E-03    -10.0228E-03
            1786               1     18.3776E-03     18.4276E-03    -9.67753E-03    -9.46193E-03
            1787               1     17.5510E-03     17.0785E-03    -6.43006E-03    -6.46227E-03
            1788               1     26.2047E-03     24.0184E-03    -8.58144E-03    -8.82395E-03
            1789               1     19.8767E-03     19.2463E-03    -9.43671E-03    -9.84460E-03
            1790               1     17.3802E-03     16.8500E-03    -9.14200E-03    -9.19356E-03
            1791               1     16.5074E-03     16.5219E-03    -9.30668E-03    -9.45993E-03
            1792               1     16.0898E-03     16.1015E-03    -9.27943E-03    -9.29216E-03
            1793               1     15.7309E-03     16.0724E-03    -8.94065E-03    -9.01123E-03
            1794               1     17.2172E-03     17.5437E-03    -9.21785E-03    -9.12877E-03
            1795               1     21.2081E-03     21.9784E-03    -8.38283E-03    -7.74989E-03
            1796               1     13.7135E-03     13.9818E-03    -3.00008E-03    -3.46633E-03
            1797               1     16.4907E-03     16.0552E-03    -6.15342E-03    -6.04846E-03
            1798               1     16.5162E-03     16.1973E-03    -7.74175E-03    -7.50646E-03
            1799               1     15.9891E-03     15.8972E-03    -8.54438E-03    -8.33502E-03
            1800               1     15.6195E-03     15.2797E-03    -8.93563E-03    -8.58722E-03
            1801               1     14.8488E-03     14.3457E-03    -8.51980E-03    -8.27132E-03
            1802               1     14.7136E-03     13.0273E-03    -7.98755E-03    -7.41643E-03
            1803               1     10.9059E-03     8.84361E-03    -5.58360E-03    -5.04662E-03
            1804               1     18.5736E-03     18.9058E-03    -4.29332E-03    -4.82401E-03
            1805               1     18.5692E-03     18.9362E-03    -6.66791E-03    -6.58823E-03
            1806               1     17.4802E-03     17.2515E-03    -7.78956E-03    -7.40026E-03
            1807               1     16.3742E-03     15.6867E-03    -8.58724E-03    -7.97137E-03
            1808               1     15.3826E-03     14.5789E-03    -8.75816E-03    -8.20524E-03
            1809               1     15.0860E-03     13.7409E-03    -8.63309E-03    -7.89013E-03
            1810               1     14.7001E-03     13.5446E-03    -8.03714E-03    -7.37394E-03
            1811               1     10.8061E-03     12.6773E-03    -5.06773E-03    -5.81834E-03
            1812               1     21.1327E-03     21.3219E-03    -4.57244E-03    -4.78003E-03
            1813               1     20.0263E-03     20.2843E-03    -6.91138E-03    -6.94164E-03
            1814               1     18.7528E-03     18.5700E-03    -8.23294E-03    -7.81653E-03
            1815               1     16.9854E-03     16.3630E-03    -8.78133E-03    -8.27353E-03
            1816               1     15.7717E-03     14.7543E-03    -8.96264E-03    -8.33076E-03
            1817               1     15.2377E-03     14.3721E-03    -8.73918E-03    -8.21880E-03
            1818               1     13.6011E-03     14.2910E-03    -7.24952E-03    -7.48438E-03
            1819               1     13.2942E-03     13.3350E-03    -4.94083E-03    -5.50684E-03
            1820               1     23.9923E-03     23.6566E-03    -4.59753E-03    -4.66542E-03
            1821               1     21.4290E-03     21.4592E-03    -6.94628E-03    -6.82622E-03
            1822               1     19.5058E-03     19.3182E-03    -8.37880E-03    -8.12829E-03
            1823               1     17.6532E-03     17.1388E-03    -9.04818E-03    -8.63881E-03
            1824               1     16.1526E-03     15.5019E-03    -9.16879E-03    -8.79799E-03
            1825               1     14.7367E-03     14.7251E-03    -8.43391E-03    -8.39561E-03
            1826               1     14.3283E-03     14.5089E-03    -7.15470E-03    -7.29877E-03
            1827               1     14.9350E-03     15.3799E-03    -5.05283E-03    -5.31767E-03
            1828               1     26.2846E-03     26.0487E-03    -4.78107E-03    -4.67305E-03
            1829               1     23.0374E-03     22.7623E-03    -6.92855E-03    -6.78411E-03
            1830               1     20.3325E-03     20.1541E-03    -8.44670E-03    -8.21499E-03
            1831               1     18.0658E-03     17.7957E-03    -9.20614E-03    -9.02845E-03
            1832               1     16.0997E-03     15.9374E-03    -9.13964E-03    -9.06254E-03
            1833               1     15.0278E-03     15.1175E-03    -8.49859E-03    -8.54512E-03
            1834               1     14.8792E-03     15.3373E-03    -7.03564E-03    -7.22938E-03
            1835               1     17.0114E-03     16.8693E-03    -5.09992E-03    -5.28810E-03
            1836               1     28.9444E-03     28.2613E-03    -4.70482E-03    -4.51976E-03
            1837               1     24.6342E-03     24.4828E-03    -7.05255E-03    -6.82160E-03
            1838               1     21.2267E-03     21.0853E-03    -8.52972E-03    -8.43311E-03
            1839               1     18.2278E-03     18.2093E-03    -9.18851E-03    -9.17732E-03
            1840               1     16.1845E-03     16.3570E-03    -9.22393E-03    -9.33640E-03
            1841               1     15.1375E-03     15.5597E-03    -8.45386E-03    -8.65683E-03
            1842               1     16.1307E-03     16.2836E-03    -7.11769E-03    -7.26154E-03
            1843               1     18.8452E-03     18.9119E-03    -5.02609E-03    -5.11146E-03
            1844               1     31.2156E-03     30.9417E-03    -5.07686E-03    -4.71928E-03
            1845               1     26.3475E-03     25.9754E-03    -7.13546E-03    -6.94352E-03
            1846               1     21.8259E-03     21.8765E-03    -8.48547E-03    -8.39315E-03
            1847               1     18.6374E-03     19.0691E-03    -9.28680E-03    -9.56928E-03
            1848               1     16.0596E-03     16.5947E-03    -9.19251E-03    -9.53276E-03
            1849               1     15.3695E-03     15.7899E-03    -8.41127E-03    -8.62791E-03
            1850               1     17.1050E-03     17.5094E-03    -7.10220E-03    -7.23875E-03
            1851               1     21.0717E-03     20.7620E-03    -5.23224E-03    -5.13431E-03
            1852               1     33.8407E-03     32.8818E-03    -4.97370E-03    -4.54909E-03
            1853               1     27.8753E-03     28.0084E-03    -7.36487E-03    -6.90267E-03
            1854               1     23.0870E-03     23.6757E-03    -8.85741E-03    -9.24571E-03
            1855               1     17.8299E-03     18.4752E-03    -8.88552E-03    -9.46126E-03
            1856               1     15.5541E-03     16.2524E-03    -8.87271E-03    -9.32050E-03
            1857               1     16.0345E-03     16.8427E-03    -8.61842E-03    -8.94845E-03
            1858               1     18.4088E-03     18.5265E-03    -7.10222E-03    -7.04853E-03
            1859               1     22.6988E-03     23.0107E-03    -4.92814E-03    -4.85209E-03
            1860               1     37.0673E-03     37.6668E-03    -6.23529E-03    -5.45034E-03
            1861               1     30.5440E-03     30.8367E-03    -8.66902E-03    -9.11525E-03
            1862               1     21.8860E-03     21.9755E-03    -8.37295E-03    -9.12629E-03
            1863               1     17.1445E-03     17.4021E-03    -8.21829E-03    -8.71721E-03
            1864               1     14.0289E-03     14.9215E-03    -8.03811E-03    -8.60251E-03
            1865               1     14.7595E-03     15.5828E-03    -8.00270E-03    -8.35120E-03
            1866               1     20.3925E-03     21.0345E-03    -8.08260E-03    -8.00077E-03
            1867               1     26.3356E-03     25.8586E-03    -5.56709E-03    -5.15263E-03
            1868               1     42.8528E-03     38.7791E-03    -9.75250E-03    -9.83189E-03
            1869               1     28.9420E-03     26.5494E-03    -8.69311E-03    -9.37920E-03
            1870               1     20.7605E-03     19.1539E-03    -7.15706E-03    -7.38532E-03
            1871               1     14.8326E-03     14.3876E-03    -6.86084E-03    -7.20126E-03
            1872               1     11.6546E-03     11.8498E-03    -6.62487E-03    -6.81354E-03
            1873               1     12.5548E-03     13.0709E-03    -6.51562E-03    -6.71853E-03
            1874               1     18.3182E-03     18.4901E-03    -7.46268E-03    -7.56178E-03
            1875               1     29.0494E-03     29.1339E-03    -8.08340E-03    -7.37214E-03
            1876               1     32.4051E-03     30.6842E-03     731.439E-06     166.583E-06
            1877               1     26.7717E-03     24.8307E-03    -3.56955E-03    -3.17169E-03
            1878               1     21.9556E-03     20.9367E-03    -6.16540E-03    -5.78035E-03
            1879               1     17.1831E-03     16.8367E-03    -7.29178E-03    -6.89068E-03
            1880               1     14.3585E-03     14.0068E-03    -7.95831E-03    -7.42139E-03
            1881               1     13.4487E-03     12.2996E-03    -7.48712E-03    -7.08135E-03
            1882               1     15.8686E-03     12.0865E-03    -6.65278E-03    -5.82185E-03
            1883               1     17.3739E-03     11.6280E-03    -3.51373E-03    -3.00518E-03
            1884               1     36.3393E-03     36.8408E-03    -2.47555E-03    -3.40061E-03
            1885               1     30.2162E-03     30.8215E-03    -4.20154E-03    -3.93239E-03
            1886               1     23.2117E-03     22.8039E-03    -5.74605E-03    -4.95049E-03
            1887               1     17.4945E-03     16.7686E-03    -6.81193E-03    -5.81498E-03
            1888               1     13.1276E-03     11.8502E-03    -7.09706E-03    -6.14506E-03
            1889               1     12.8691E-03     10.7214E-03    -7.11115E-03    -5.95932E-03
            1890               1     15.4882E-03     14.3641E-03    -6.33052E-03    -5.44132E-03
            1891               1     18.0521E-03     20.5315E-03    -3.85024E-03    -4.95181E-03
            1892               1     38.4369E-03     38.2673E-03    -3.31885E-03    -3.68521E-03
            1893               1     31.8112E-03     32.4098E-03    -5.18380E-03    -5.37176E-03
            1894               1     24.9255E-03     25.1243E-03    -6.05939E-03    -5.36487E-03
            1895               1     18.1033E-03     17.3012E-03    -6.75742E-03    -5.84371E-03
            1896               1     13.2655E-03     11.7304E-03    -7.05524E-03    -6.02078E-03
            1897               1     12.3427E-03     11.1073E-03    -6.84477E-03    -5.99021E-03
            1898               1     14.9208E-03     16.0843E-03    -5.80778E-03    -6.09702E-03
            1899               1     21.2625E-03     20.7597E-03    -3.87225E-03    -4.62826E-03
            1900               1     40.8225E-03     40.4251E-03    -3.36407E-03    -3.59305E-03
            1901               1     33.1125E-03     33.0723E-03    -5.22198E-03    -5.12318E-03
            1902               1     25.9516E-03     25.9173E-03    -6.48249E-03    -6.14221E-03
            1903               1     18.8112E-03     18.2938E-03    -6.90894E-03    -6.22601E-03
            1904               1     13.4481E-03     12.2011E-03    -7.08098E-03    -6.38504E-03
            1905               1     12.0296E-03     11.8643E-03    -6.64843E-03    -6.46215E-03
            1906               1     15.8039E-03     15.9404E-03    -5.55013E-03    -5.65313E-03
            1907               1     22.5184E-03     22.9146E-03    -4.04157E-03    -4.38632E-03
            1908               1     43.0135E-03     42.2490E-03    -3.61409E-03    -3.55234E-03
            1909               1     34.6978E-03     34.4330E-03    -5.37764E-03    -5.26376E-03
            1910               1     26.6152E-03     26.4097E-03    -6.45250E-03    -6.15713E-03
            1911               1     19.4365E-03     18.9487E-03    -7.12731E-03    -6.76602E-03
            1912               1     13.4971E-03     13.0208E-03    -7.09645E-03    -6.86070E-03
            1913               1     12.0687E-03     11.9853E-03    -6.56695E-03    -6.46191E-03
            1914               1     16.6404E-03     17.0039E-03    -5.60857E-03    -5.74696E-03
            1915               1     24.4877E-03     24.0597E-03    -4.03444E-03    -4.28641E-03
            1916               1     44.7815E-03     44.2152E-03    -3.67877E-03    -3.56231E-03
            1917               1     36.0022E-03     35.5301E-03    -5.36071E-03    -5.17738E-03
            1918               1     27.6644E-03     27.4141E-03    -6.60390E-03    -6.40572E-03
            1919               1     19.6287E-03     19.4873E-03    -7.13487E-03    -7.06562E-03
            1920               1     13.5383E-03     13.3865E-03    -7.16632E-03    -7.13017E-03
            1921               1     12.4525E-03     12.6909E-03    -6.63641E-03    -6.75227E-03
            1922               1     17.6770E-03     17.7969E-03    -5.54727E-03    -5.68165E-03
            1923               1     25.8487E-03     25.6708E-03    -4.20140E-03    -4.20188E-03
            1924               1     47.0163E-03     45.9876E-03    -3.64127E-03    -3.40178E-03
            1925               1     37.4748E-03     37.2175E-03    -5.51143E-03    -5.24893E-03
            1926               1     28.3951E-03     28.3176E-03    -6.66361E-03    -6.65158E-03
            1927               1     19.9420E-03     19.9727E-03    -7.20328E-03    -7.29835E-03
            1928               1     13.5142E-03     13.8723E-03    -7.20862E-03    -7.48016E-03
            1929               1     12.8025E-03     13.3064E-03    -6.66197E-03    -6.90581E-03
            1930               1     18.8547E-03     18.9635E-03    -5.66407E-03    -5.73444E-03
            1931               1     27.5882E-03     27.2981E-03    -4.04271E-03    -4.06951E-03
            1932               1     48.6695E-03     48.2302E-03    -4.12198E-03    -3.63583E-03
            1933               1     38.8629E-03     38.4784E-03    -5.64611E-03    -5.42998E-03
            1934               1     29.0433E-03     29.2672E-03    -6.66198E-03    -6.63209E-03
            1935               1     20.4117E-03     21.0924E-03    -7.33971E-03    -7.89134E-03
            1936               1     13.3557E-03     14.1194E-03    -7.24397E-03    -7.81631E-03
            1937               1     13.0366E-03     13.6681E-03    -6.56763E-03    -6.87792E-03
            1938               1     19.8774E-03     20.2484E-03    -5.63080E-03    -5.72842E-03
            1939               1     29.2476E-03     28.9175E-03    -4.27971E-03    -3.99128E-03
            1940               1     50.7470E-03     49.5402E-03    -4.04984E-03    -3.41915E-03
            1941               1     40.0812E-03     40.5743E-03    -5.93656E-03    -5.32096E-03
            1942               1     30.2578E-03     31.1335E-03    -7.20121E-03    -7.86391E-03
            1943               1     19.5172E-03     20.1712E-03    -7.00509E-03    -7.92959E-03
            1944               1     12.9019E-03     14.0103E-03    -6.89558E-03    -7.70238E-03
            1945               1     13.8069E-03     15.1619E-03    -6.75016E-03    -7.33025E-03
            1946               1     20.9712E-03     21.3517E-03    -5.50033E-03    -5.33977E-03
            1947               1     30.5616E-03     30.6859E-03    -3.92353E-03    -3.61896E-03
            1948               1     53.3375E-03     54.2315E-03    -5.76267E-03    -4.53939E-03
            1949               1     42.4382E-03     42.8457E-03    -7.70373E-03    -8.32172E-03
            1950               1     28.6119E-03     28.2933E-03    -6.81713E-03    -7.94148E-03
            1951               1     19.0079E-03     19.1374E-03    -6.26153E-03    -7.12979E-03
            1952               1     11.1048E-03     12.3139E-03    -5.98279E-03    -6.89372E-03
            1953               1     12.1841E-03     13.5285E-03    -5.97507E-03    -6.65807E-03
            1954               1     22.5971E-03     23.6696E-03    -6.39763E-03    -6.48219E-03
            1955               1     33.3984E-03     33.2482E-03    -4.55345E-03    -3.74726E-03
            1956               1     58.5208E-03     52.8320E-03    -10.7966E-03    -10.7317E-03
            1957               1     39.5851E-03     35.5893E-03    -8.00093E-03    -8.93978E-03
            1958               1     27.3339E-03     24.6386E-03    -5.35262E-03    -5.73692E-03
            1959               1     16.4999E-03     15.2430E-03    -4.60968E-03    -5.12541E-03
            1960               1     8.26778E-03     8.44439E-03    -4.11304E-03    -4.47335E-03
            1961               1     9.89499E-03     10.2822E-03    -4.18300E-03    -4.52136E-03
            1962               1     19.9161E-03     19.3883E-03    -5.54768E-03    -5.84008E-03
            1963               1     35.0678E-03     34.2165E-03    -7.42904E-03    -6.66629E-03
            1964               1     50.9491E-03     47.7525E-03     4.27247E-03     3.60211E-03
            1965               1     38.5272E-03     35.4536E-03    -999.619E-06    -355.012E-06
            1966               1     29.3045E-03     27.6374E-03    -4.55998E-03    -4.04855E-03
            1967               1     20.1093E-03     19.5313E-03    -5.97412E-03    -5.42134E-03
            1968               1     13.6033E-03     13.4742E-03    -6.91288E-03    -6.22887E-03
            1969               1     12.0663E-03     10.3813E-03    -6.46478E-03    -5.93853E-03
            1970               1     17.8422E-03     12.5883E-03    -5.37862E-03    -4.35089E-03
            1971               1     25.3737E-03     18.3591E-03    -1.75442E-03    -1.26347E-03
            1972               1     53.5797E-03     54.1983E-03    -695.210E-06    -1.94758E-03
            1973               1     43.1642E-03     43.9927E-03    -1.81012E-03    -1.38500E-03
            1974               1     30.9538E-03     30.5409E-03    -3.69975E-03    -2.57566E-03
            1975               1     20.9451E-03     20.4699E-03    -5.04258E-03    -3.73854E-03
            1976               1     11.8627E-03     10.5747E-03    -5.45968E-03    -4.20113E-03
            1977               1     10.6227E-03     7.95835E-03    -5.58143E-03    -4.12096E-03
            1978               1     17.5748E-03     16.8516E-03    -4.74306E-03    -3.67761E-03
            1979               1     25.4676E-03     28.1901E-03    -2.67465E-03    -4.04722E-03
            1980               1     54.8824E-03     54.4329E-03    -2.11508E-03    -2.60244E-03
            1981               1     44.3261E-03     45.1171E-03    -3.45166E-03    -3.77775E-03
            1982               1     33.2818E-03     33.8993E-03    -3.95936E-03    -3.03428E-03
            1983               1     21.6267E-03     21.0512E-03    -4.76538E-03    -3.54300E-03
            1984               1     12.0782E-03     10.5755E-03    -5.15853E-03    -3.81470E-03
            1985               1     9.67267E-03     8.41715E-03    -5.03411E-03    -3.93087E-03
            1986               1     16.9103E-03     18.4251E-03    -4.32377E-03    -4.66835E-03
            1987               1     28.3828E-03     27.5928E-03    -2.82756E-03    -3.71945E-03
            1988               1     56.8044E-03     56.2288E-03    -2.12272E-03    -2.45150E-03
            1989               1     45.3610E-03     45.2628E-03    -3.60088E-03    -3.50072E-03
            1990               1     34.1236E-03     34.2576E-03    -4.59763E-03    -4.20419E-03
            1991               1     22.6135E-03     22.3783E-03    -4.83477E-03    -3.93791E-03
            1992               1     12.2306E-03     10.7411E-03    -5.06949E-03    -4.15172E-03
            1993               1     9.22612E-03     9.02983E-03    -4.82449E-03    -4.54148E-03
            1994               1     17.7653E-03     17.9164E-03    -4.00942E-03    -4.08486E-03
            1995               1     29.0275E-03     29.4088E-03    -2.92185E-03    -3.34724E-03
            1996               1     58.5907E-03     57.5210E-03    -2.53732E-03    -2.47847E-03
            1997               1     46.6485E-03     46.3160E-03    -3.80341E-03    -3.69701E-03
            1998               1     34.6720E-03     34.5015E-03    -4.57213E-03    -4.21209E-03
            1999               1     23.2036E-03     22.7478E-03    -5.11277E-03    -4.66316E-03
            2000               1     12.4355E-03     11.7836E-03    -5.07344E-03    -4.73744E-03
            2001               1     9.17407E-03     9.05012E-03    -4.71375E-03    -4.52870E-03
            2002               1     18.2976E-03     18.7012E-03    -4.05265E-03    -4.17968E-03
            2003               1     30.6461E-03     30.0433E-03    -2.96210E-03    -3.22807E-03
            2004               1     59.7726E-03     59.0169E-03    -2.57998E-03    -2.44883E-03
            2005               1     47.6075E-03     47.0010E-03    -3.83512E-03    -3.62728E-03
            2006               1     35.5792E-03     35.3134E-03    -4.74961E-03    -4.53119E-03
            2007               1     23.3666E-03     23.1798E-03    -5.13325E-03    -5.04241E-03
            2008               1     12.4878E-03     12.1790E-03    -5.16469E-03    -5.10697E-03
            2009               1     9.53295E-03     9.75165E-03    -4.78212E-03    -4.87774E-03
            2010               1     19.1731E-03     19.2571E-03    -4.02168E-03    -4.13154E-03
            2011               1     31.4097E-03     31.1916E-03    -3.10261E-03    -3.08840E-03
            2012               1     61.5906E-03     60.2768E-03    -2.57443E-03    -2.28652E-03
            2013               1     48.7310E-03     48.4271E-03    -3.98484E-03    -3.67741E-03
            2014               1     36.0753E-03     35.9682E-03    -4.85782E-03    -4.86372E-03
            2015               1     23.6440E-03     23.6043E-03    -5.20941E-03    -5.35351E-03
            2016               1     12.4313E-03     12.6584E-03    -5.22322E-03    -5.55570E-03
            2017               1     9.86668E-03     10.4663E-03    -4.82901E-03    -5.10612E-03
            2018               1     20.0471E-03     20.1931E-03    -4.11916E-03    -4.16346E-03
            2019               1     32.8043E-03     32.3850E-03    -2.97143E-03    -2.93872E-03
            2020               1     62.6135E-03     62.0514E-03    -3.15655E-03    -2.54220E-03
            2021               1     49.7257E-03     49.2978E-03    -4.18359E-03    -3.92089E-03
            2022               1     36.5546E-03     36.8676E-03    -4.85332E-03    -4.85171E-03
            2023               1     24.0369E-03     24.6581E-03    -5.42020E-03    -6.13768E-03
            2024               1     12.0632E-03     12.6464E-03    -5.26178E-03    -6.00788E-03
            2025               1     10.0699E-03     10.8436E-03    -4.69805E-03    -5.08019E-03
            2026               1     20.8776E-03     21.3123E-03    -4.08789E-03    -4.16515E-03
            2027               1     33.8831E-03     33.5976E-03    -3.19264E-03    -2.79517E-03
            2028               1     64.1121E-03     62.7122E-03    -3.12633E-03    -2.31279E-03
            2029               1     50.5410E-03     51.2962E-03    -4.52153E-03    -3.76713E-03
            2030               1     37.5303E-03     38.4858E-03    -5.55276E-03    -6.39924E-03
            2031               1     22.9896E-03     23.3464E-03    -5.12201E-03    -6.30708E-03
            2032               1     11.7594E-03     12.7464E-03    -4.91717E-03    -5.98525E-03
            2033               1     10.8052E-03     12.5544E-03    -4.81234E-03    -5.59432E-03
            2034               1     21.6649E-03     22.3382E-03    -3.83717E-03    -3.62060E-03
            2035               1     34.8034E-03     34.8424E-03    -2.84094E-03    -2.33865E-03
            2036               1     66.0577E-03     67.1842E-03    -5.20520E-03    -3.62464E-03
            2037               1     52.4876E-03     52.9396E-03    -6.66915E-03    -7.39915E-03
            2038               1     35.4298E-03     34.6874E-03    -5.27733E-03    -6.67465E-03
            2039               1     22.5609E-03     22.2982E-03    -4.36629E-03    -5.50547E-03
            2040               1     9.80774E-03     10.7056E-03    -3.95557E-03    -5.13689E-03
            2041               1     9.05359E-03     10.6926E-03    -3.91870E-03    -4.85476E-03
            2042               1     22.9053E-03     24.2218E-03    -4.55909E-03    -4.77594E-03
            2043               1     36.7711E-03     36.9780E-03    -3.39123E-03    -2.28406E-03
            2044               1     70.5423E-03     63.6488E-03    -11.4295E-03    -11.2452E-03
            2045               1     48.5817E-03     43.3588E-03    -7.24200E-03    -8.36511E-03
            2046               1     33.9343E-03     30.4064E-03    -3.69256E-03    -4.19083E-03
            2047               1     20.1345E-03     18.1500E-03    -2.55317E-03    -3.20280E-03
            2048               1     7.67034E-03     7.37172E-03    -1.78429E-03    -2.27392E-03
            2049               1     7.09997E-03     7.13744E-03    -1.93986E-03    -2.38629E-03
            2050               1     20.1005E-03     18.8524E-03    -3.49298E-03    -3.91969E-03
            2051               1     37.3871E-03     35.8298E-03    -6.28019E-03    -5.48602E-03
            2052               1     65.4372E-03     61.4484E-03     7.26365E-03     6.43392E-03
            2053               1     48.2136E-03     44.5473E-03     1.36071E-03     2.17093E-03
            2054               1     35.9369E-03     33.9609E-03    -3.00873E-03    -2.40855E-03
            2055               1     23.5758E-03     22.9367E-03    -4.66892E-03    -4.05695E-03
            2056               1     13.6403E-03     13.9171E-03    -5.80102E-03    -5.08246E-03
            2057               1     10.4786E-03     8.74052E-03    -5.54922E-03    -5.00515E-03
            2058               1     18.6571E-03     13.1096E-03    -4.19147E-03    -3.12754E-03
            2059               1     30.4475E-03     23.3984E-03    -484.953E-06    -51.0477E-06
            2060               1     67.1351E-03     67.7242E-03     924.284E-06    -547.231E-06
            2061               1     53.7655E-03     54.9835E-03     316.386E-06     857.773E-06
            2062               1     37.8942E-03     37.7360E-03    -1.80304E-03    -501.127E-06
            2063               1     25.1914E-03     25.1408E-03    -3.34802E-03    -1.94324E-03
            2064               1     12.1248E-03     11.4147E-03    -3.97524E-03    -2.69147E-03
            2065               1     7.99399E-03     5.44871E-03    -4.06876E-03    -2.59251E-03
            2066               1     18.8173E-03     18.6237E-03    -3.40827E-03    -2.34047E-03
            2067               1     30.2115E-03     33.0243E-03    -1.58317E-03    -3.07689E-03
            2068               1     67.2592E-03     66.9513E-03    -1.14592E-03    -1.63797E-03
            2069               1     54.4358E-03     55.5298E-03    -1.83433E-03    -2.19563E-03
            2070               1     40.8844E-03     42.2046E-03    -2.04916E-03    -1.02301E-03
            2071               1     25.8388E-03     25.8631E-03    -2.98867E-03    -1.81165E-03
            2072               1     12.7404E-03     11.9732E-03    -3.32541E-03    -2.06118E-03
            2073               1     7.15859E-03     6.41789E-03    -3.43624E-03    -2.41538E-03
            2074               1     17.8259E-03     19.7447E-03    -2.82261E-03    -3.27694E-03
            2075               1     32.6161E-03     31.9368E-03    -1.85404E-03    -2.74723E-03
            2076               1     69.0615E-03     68.1890E-03    -1.00786E-03    -1.16399E-03
            2077               1     55.1422E-03     55.7057E-03    -2.29475E-03    -2.00441E-03
            2078               1     41.3224E-03     42.1539E-03    -2.99401E-03    -2.77098E-03
            2079               1     27.0791E-03     27.5492E-03    -2.88971E-03    -2.21455E-03
            2080               1     12.9296E-03     11.9947E-03    -3.27726E-03    -2.71972E-03
            2081               1     6.18099E-03     6.67088E-03    -2.98220E-03    -2.97559E-03
            2082               1     18.6922E-03     19.2286E-03    -2.55374E-03    -2.64804E-03
            2083               1     33.0041E-03     33.5678E-03    -1.56851E-03    -1.96321E-03
            2084               1     69.8513E-03     69.3556E-03    -2.28234E-03    -1.62397E-03
            2085               1     56.0182E-03     56.1381E-03    -2.66535E-03    -2.40195E-03
            2086               1     41.5843E-03     42.4982E-03    -2.94227E-03    -2.67065E-03
            2087               1     27.5971E-03     28.0752E-03    -3.49802E-03    -3.83580E-03
            2088               1     12.7673E-03     12.3110E-03    -3.04922E-03    -3.46230E-03
            2089               1     6.06665E-03     6.68971E-03    -2.75101E-03    -2.89710E-03
            2090               1     18.7952E-03     19.9661E-03    -2.24404E-03    -2.42411E-03
            2091               1     34.1369E-03     33.8540E-03    -1.85780E-03    -1.72866E-03
            2092               1     70.6295E-03     69.4056E-03    -2.14916E-03    -1.18779E-03
            2093               1     56.3724E-03     57.5228E-03    -3.16476E-03    -2.25867E-03
            2094               1     42.4857E-03     43.5535E-03    -3.87576E-03    -4.63408E-03
            2095               1     26.3938E-03     26.3768E-03    -3.09988E-03    -4.17364E-03
            2096               1     12.7911E-03     12.7531E-03    -2.88978E-03    -3.82857E-03
            2097               1     6.34403E-03     8.23558E-03    -2.56493E-03    -3.36427E-03
            2098               1     19.4067E-03     20.4768E-03    -1.98002E-03    -1.82018E-03
            2099               1     34.2284E-03     34.6202E-03    -1.46369E-03    -937.398E-06
            2100               1     72.1788E-03     73.4352E-03    -4.53713E-03    -2.67597E-03
            2101               1     57.9040E-03     58.3959E-03    -5.44600E-03    -6.13766E-03
            2102               1     39.9242E-03     38.8840E-03    -3.68654E-03    -5.10605E-03
            2103               1     26.1092E-03     25.3112E-03    -2.50602E-03    -3.63840E-03
            2104               1     10.9622E-03     10.6156E-03    -1.80218E-03    -3.03558E-03
            2105               1     4.71477E-03     6.51921E-03    -1.77021E-03    -2.76160E-03
            2106               1     20.1408E-03     21.7577E-03    -2.33196E-03    -2.61986E-03
            2107               1     35.4821E-03     35.9250E-03    -1.95610E-03    -755.074E-06
            2108               1     75.7051E-03     68.3635E-03    -11.2642E-03    -10.9484E-03
            2109               1     53.3530E-03     47.4615E-03    -6.27482E-03    -7.43025E-03
            2110               1     38.3196E-03     34.2411E-03    -2.13821E-03    -2.65489E-03
            2111               1     23.7543E-03     21.1327E-03    -643.197E-06    -1.32497E-03
            2112               1     10.3059E-03     9.23171E-03     350.186E-06    -162.805E-06
            2113               1     3.92589E-03     3.58838E-03     348.004E-06    -156.791E-06
            2114               1     17.6964E-03     16.3077E-03    -1.24676E-03    -1.70249E-03
            2115               1     34.6839E-03     33.2595E-03    -4.44293E-03    -3.57519E-03
            2116               1     1.31866E-03     1.29692E-03     662.124E-06     671.121E-06
            2117               1     1.47950E-03     1.49277E-03     849.937E-06     860.413E-06
            2118               1     1.49012E-03     1.49996E-03     858.553E-06     865.142E-06
            2119               1     1.46744E-03     1.47904E-03     846.963E-06     853.777E-06
            2120               1     1.46744E-03     1.47904E-03     846.963E-06     853.777E-06
            2121               1     1.49012E-03     1.49996E-03     858.553E-06     865.142E-06
            2122               1     1.47950E-03     1.49277E-03     849.937E-06     860.413E-06
            2123               1     1.31866E-03     1.29692E-03     662.124E-06     671.121E-06
            2124               1     1.13934E-03     1.14240E-03     645.630E-06     646.128E-06
            2125               1     1.60224E-03     1.63503E-03     920.355E-06     938.865E-06
            2126               1     1.49321E-03     1.51492E-03     860.521E-06     873.167E-06
            2127               1     1.48496E-03     1.50907E-03     857.121E-06     871.054E-06
            2128               1     1.48496E-03     1.50907E-03     857.121E-06     871.054E-06
            2129               1     1.49321E-03     1.51492E-03     860.521E-06     873.167E-06
            2130               1     1.60224E-03     1.63503E-03     920.355E-06     938.865E-06
            2131               1     1.13934E-03     1.14240E-03     645.630E-06     646.128E-06
            2132               1     1.09082E-03     1.09577E-03     613.583E-06     623.502E-06
            2133               1     1.46649E-03     1.47566E-03     840.274E-06     842.676E-06
            2134               1     1.52551E-03     1.53988E-03     879.378E-06     886.638E-06
            2135               1     1.51167E-03     1.52469E-03     872.668E-06     880.056E-06
            2136               1     1.51167E-03     1.52469E-03     872.668E-06     880.056E-06
            2137               1     1.52551E-03     1.53988E-03     879.378E-06     886.638E-06
            2138               1     1.46649E-03     1.47566E-03     840.274E-06     842.676E-06
            2139               1     1.09082E-03     1.09577E-03     613.583E-06     623.502E-06
            3835               1     49.5570E-03     59.2083E-03     27.6135E-03     33.3487E-03
            3836               1     73.4504E-03     80.8874E-03     41.4693E-03     43.6060E-03
            3837               1     82.7379E-03     84.9273E-03     47.1547E-03     46.7537E-03
            3838               1     86.9334E-03     90.0881E-03     49.9716E-03     50.6721E-03
            3839               1     88.4408E-03     88.7670E-03     51.0606E-03     50.7652E-03
            3840               1     84.1971E-03     85.1294E-03     48.5132E-03     48.9568E-03
            3841               1     80.6073E-03     79.3160E-03     46.3007E-03     45.5921E-03
            3842               1     63.2849E-03     65.2535E-03     35.7305E-03     34.0456E-03
            3843               1     58.8232E-03     54.8475E-03     30.0057E-03     29.6467E-03
            3844               1     79.4161E-03     85.0093E-03     43.5125E-03     45.7878E-03
            3845               1     86.6877E-03     91.5221E-03     48.3432E-03     49.8331E-03
            3846               1     90.0900E-03     90.9153E-03     51.5350E-03     51.2971E-03
            3847               1     88.9291E-03     91.7254E-03     51.3027E-03     52.6042E-03
            3848               1     87.4220E-03     87.5998E-03     50.2623E-03     50.4733E-03
            3849               1     81.7440E-03     81.7963E-03     46.9936E-03     47.0116E-03
            3850               1     52.0736E-03     58.3460E-03     29.9904E-03     33.5969E-03
            3851               1     64.4442E-03     66.7419E-03     29.9654E-03     28.6312E-03
            3852               1     84.8734E-03     82.0283E-03     44.2520E-03     43.0134E-03
            3853               1     91.9334E-03     93.4948E-03     50.8013E-03     51.1681E-03
            3854               1     92.9155E-03     96.8993E-03     52.7439E-03     54.6422E-03
            3855               1     92.1054E-03     94.1944E-03     53.1319E-03     54.2987E-03
            3856               1     88.6467E-03     91.2495E-03     51.0664E-03     52.5773E-03
            3857               1     74.7648E-03     80.6893E-03     42.6963E-03     45.9045E-03
            3858               1     54.0237E-03     58.3310E-03     28.5753E-03     31.9524E-03
            3859               1     80.9095E-03     73.7825E-03     29.8236E-03     28.1315E-03
            3860               1     88.5274E-03     88.1100E-03     44.6005E-03     42.6362E-03
            3861               1     95.5379E-03     97.7272E-03     51.9295E-03     53.4153E-03
            3862               1     92.4556E-03     96.2183E-03     52.3995E-03     54.9188E-03
            3863               1     91.8167E-03     94.6109E-03     52.7913E-03     54.5146E-03
            3864               1     88.3497E-03     92.9420E-03     50.8871E-03     53.3385E-03
            3865               1     76.4668E-03     81.0888E-03     42.2138E-03     44.9797E-03
            3866               1     59.9150E-03     66.0894E-03     28.1823E-03     31.1011E-03
            3867               1     94.2746E-03     99.9038E-03     33.7813E-03     31.1973E-03
            3868               1     99.9090E-03     101.839E-03     47.3091E-03     50.7235E-03
            3869               1     91.3535E-03     93.8923E-03     49.1485E-03     52.3971E-03
            3870               1     90.5771E-03     90.9923E-03     50.7162E-03     51.8688E-03
            3871               1     86.2547E-03     90.4059E-03     49.5869E-03     52.1882E-03
            3872               1     84.4280E-03     87.7955E-03     48.6933E-03     50.3681E-03
            3873               1     85.3300E-03     89.2314E-03     46.6098E-03     47.6719E-03
            3874               1     77.2720E-03     77.9215E-03     30.5611E-03     32.3905E-03
            3875               1     131.510E-03     111.888E-03     40.6935E-03     45.6192E-03
            3876               1     99.8352E-03     94.1306E-03     46.4540E-03     50.0911E-03
            3877               1     88.7764E-03     83.6071E-03     45.9974E-03     46.3788E-03
            3878               1     83.6472E-03     83.4400E-03     46.4247E-03     47.8944E-03
            3879               1     80.8110E-03     80.8721E-03     46.2730E-03     46.6873E-03
            3880               1     76.5743E-03     79.7389E-03     44.0811E-03     45.2013E-03
            3881               1     80.7787E-03     83.9487E-03     44.6139E-03     45.0534E-03
            3882               1     96.2505E-03     100.333E-03     39.6973E-03     37.6037E-03
            3883               1     90.8484E-03     90.4450E-03     19.0336E-03     19.0068E-03
            3884               1     74.1060E-03     73.7139E-03     19.0336E-03     19.0068E-03
            3885               1     58.2989E-03     57.9308E-03     19.0336E-03     19.0068E-03
            3886               1     44.4368E-03     44.1250E-03     19.0336E-03     19.0068E-03
            3887               1     34.9185E-03     34.7399E-03     19.0336E-03     19.0068E-03
            3888               1     33.6566E-03     33.6973E-03     19.0336E-03     19.0068E-03
            3889               1     41.4129E-03     41.6287E-03     19.0336E-03     19.0068E-03
            3890               1     54.4619E-03     54.7649E-03     19.0336E-03     19.0068E-03
            3891               1     117.530E-03     95.2294E-03     45.3558E-03     45.9062E-03
            3892               1     105.555E-03     94.7686E-03     51.6118E-03     53.0496E-03
            3893               1     94.6441E-03     85.0707E-03     46.9410E-03     47.9081E-03
            3894               1     88.7339E-03     84.3798E-03     47.3399E-03     48.5453E-03
            3895               1     84.8278E-03     83.9391E-03     47.3591E-03     48.4465E-03
            3896               1     81.0122E-03     83.8604E-03     46.5982E-03     47.7564E-03
            3897               1     88.2143E-03     91.9021E-03     50.9228E-03     51.9927E-03
            3898               1     78.5491E-03     87.4577E-03     41.1674E-03     42.4317E-03
            3899               1     63.9790E-03     83.6546E-03     34.0116E-03     34.8255E-03
            3900               1     95.4564E-03     112.371E-03     51.9569E-03     53.2635E-03
            3901               1     88.4043E-03     99.7069E-03     50.1204E-03     51.1318E-03
            3902               1     89.1596E-03     97.1803E-03     51.2589E-03     52.4706E-03
            3903               1     89.0455E-03     93.1162E-03     51.3876E-03     52.4418E-03
            3904               1     87.7297E-03     89.5588E-03     50.2441E-03     51.4430E-03
            3905               1     95.6701E-03     94.2088E-03     53.0643E-03     54.1153E-03
            3906               1     66.9290E-03     66.9502E-03     37.2641E-03     38.4660E-03
            3907               1     100.968E-03     89.4362E-03     40.0807E-03     44.2209E-03
            3908               1     93.1566E-03     92.9338E-03     50.5355E-03     53.2703E-03
            3909               1     92.4606E-03     90.7113E-03     52.0434E-03     52.2580E-03
            3910               1     94.3018E-03     94.5950E-03     53.8128E-03     54.6143E-03
            3911               1     93.3452E-03     93.6303E-03     53.5447E-03     54.0452E-03
            3912               1     88.2074E-03     90.0222E-03     50.8850E-03     51.8030E-03
            3913               1     86.6509E-03     88.1603E-03     49.8830E-03     50.1401E-03
            3914               1     81.5629E-03     85.4730E-03     40.1181E-03     39.0718E-03
            3915               1     73.0470E-03     74.1300E-03     36.7526E-03     35.2032E-03
            3916               1     93.4357E-03     96.5331E-03     51.8202E-03     54.3903E-03
            3917               1     96.0797E-03     97.9691E-03     54.8545E-03     56.4821E-03
            3918               1     97.8904E-03     99.6740E-03     56.1332E-03     57.4877E-03
            3919               1     96.9187E-03     99.8356E-03     55.7974E-03     57.6321E-03
            3920               1     94.3266E-03     96.7072E-03     54.2997E-03     55.7818E-03
            3921               1     89.5508E-03     92.5427E-03     51.4587E-03     52.8734E-03
            3922               1     65.6558E-03     68.5943E-03     34.5028E-03     36.6867E-03
            3923               1     60.3100E-03     56.0574E-03     33.5374E-03     30.9982E-03
            3924               1     89.1101E-03     84.4873E-03     50.8268E-03     48.0699E-03
            3925               1     99.7123E-03     104.028E-03     57.2149E-03     59.6925E-03
            3926               1     98.2363E-03     102.045E-03     56.5460E-03     58.7536E-03
            3927               1     98.7789E-03     101.211E-03     56.9623E-03     58.3710E-03
            3928               1     99.8476E-03     102.802E-03     57.6387E-03     59.3476E-03
            3929               1     83.6474E-03     88.4756E-03     48.2874E-03     51.0711E-03
            3930               1     53.0101E-03     60.0584E-03     30.4956E-03     34.5764E-03
            3931               1     61.8360E-03     60.5126E-03     35.6582E-03     34.5801E-03
            3932               1     87.6513E-03     91.5262E-03     50.4155E-03     52.6805E-03
            3933               1     94.5280E-03     97.4082E-03     54.2998E-03     55.3990E-03
            3934               1     97.7995E-03     100.349E-03     56.4163E-03     57.5973E-03
            3935               1     97.4688E-03     100.684E-03     56.2641E-03     57.9566E-03
            3936               1     95.3663E-03     97.4552E-03     54.9732E-03     56.1645E-03
            3937               1     90.3155E-03     92.7648E-03     52.0073E-03     53.1929E-03
            3938               1     63.0941E-03     66.6436E-03     34.7993E-03     37.2878E-03
            3939               1     73.6678E-03     70.5515E-03     35.3118E-03     39.7116E-03
            3940               1     84.2926E-03     88.4587E-03     48.3433E-03     50.5949E-03
            3941               1     90.1433E-03     91.1756E-03     52.0370E-03     52.0662E-03
            3942               1     94.5125E-03     96.5566E-03     54.5431E-03     55.1774E-03
            3943               1     95.4618E-03     96.6844E-03     55.0979E-03     55.4898E-03
            3944               1     90.8460E-03     92.8413E-03     52.4449E-03     53.2507E-03
            3945               1     88.9439E-03     89.8653E-03     51.2672E-03     51.2689E-03
            3946               1     77.8379E-03     81.5803E-03     40.2507E-03     39.2325E-03
            5375               1     1.98144E-03     1.90029E-03    -734.011E-06    -737.678E-06
            5376               1     1.60435E-03     1.60484E-03    -836.023E-06    -858.399E-06
            5377               1     1.46903E-03     1.47393E-03    -819.659E-06    -827.981E-06
            5378               1     1.47454E-03     1.49143E-03    -849.145E-06    -859.593E-06
            5379               1     1.47454E-03     1.49143E-03    -849.145E-06    -859.593E-06
            5380               1     1.46903E-03     1.47393E-03    -819.659E-06    -827.981E-06
            5381               1     1.60435E-03     1.60484E-03    -836.023E-06    -858.399E-06
            5382               1     1.98144E-03     1.90029E-03    -734.011E-06    -737.678E-06
            5383               1     1.54863E-03     1.56093E-03    -591.551E-06    -583.099E-06
            5384               1     1.65537E-03     1.69092E-03    -858.629E-06    -878.453E-06
            5385               1     1.58649E-03     1.62771E-03    -899.069E-06    -925.024E-06
            5386               1     1.59711E-03     1.63334E-03    -919.378E-06    -940.347E-06
            5387               1     1.59711E-03     1.63334E-03    -919.378E-06    -940.347E-06
            5388               1     1.58649E-03     1.62771E-03    -899.069E-06    -925.024E-06
            5389               1     1.65537E-03     1.69092E-03    -858.629E-06    -878.453E-06
            5390               1     1.54863E-03     1.56093E-03    -591.551E-06    -583.099E-06
            5391               1     1.22733E-03     1.23003E-03    -523.044E-06    -529.491E-06
            5392               1     1.48766E-03     1.49399E-03    -793.972E-06    -792.567E-06
            5393               1     1.66306E-03     1.70377E-03    -942.568E-06    -964.104E-06
            5394               1     1.68557E-03     1.72259E-03    -972.319E-06    -993.731E-06
            5395               1     1.68557E-03     1.72259E-03    -972.319E-06    -993.731E-06
            5396               1     1.66306E-03     1.70377E-03    -942.568E-06    -964.104E-06
            5397               1     1.48766E-03     1.49399E-03    -793.972E-06    -792.567E-06
            5398               1     1.22733E-03     1.23003E-03    -523.044E-06    -529.491E-06
            5399               1     1.08635E-03     1.09415E-03    -544.015E-06    -547.998E-06
            5400               1     1.40271E-03     1.42729E-03    -778.015E-06    -791.209E-06
            5401               1     1.62712E-03     1.63858E-03    -929.599E-06    -934.877E-06
            5402               1     1.73335E-03     1.75934E-03    -999.592E-06    -1.01431E-03
            5403               1     1.73335E-03     1.75934E-03    -999.592E-06    -1.01431E-03
            5404               1     1.62712E-03     1.63858E-03    -929.599E-06    -934.877E-06
            5405               1     1.40271E-03     1.42729E-03    -778.015E-06    -791.209E-06
            5406               1     1.08635E-03     1.09415E-03    -544.015E-06    -547.998E-06
            5407               1     933.970E-06     964.032E-06    -517.777E-06    -536.915E-06
            5408               1     1.39100E-03     1.40377E-03    -793.803E-06    -800.056E-06
            5409               1     1.63362E-03     1.64501E-03    -938.157E-06    -944.259E-06
            5410               1     1.69159E-03     1.69714E-03    -975.320E-06    -978.429E-06
            5411               1     1.69159E-03     1.69714E-03    -975.320E-06    -978.429E-06
            5412               1     1.63362E-03     1.64501E-03    -938.157E-06    -944.259E-06
            5413               1     1.39100E-03     1.40377E-03    -793.803E-06    -800.056E-06
            5414               1     933.970E-06     964.032E-06    -517.777E-06    -536.915E-06
            5415               1     977.953E-06     1.01532E-03    -562.226E-06    -584.260E-06
            5416               1     1.44647E-03     1.45609E-03    -832.602E-06    -838.524E-06
            5417               1     1.57544E-03     1.57593E-03    -903.746E-06    -903.789E-06
            5418               1     1.62308E-03     1.61967E-03    -936.840E-06    -934.827E-06
            5419               1     1.62308E-03     1.61967E-03    -936.840E-06    -934.827E-06
            5420               1     1.57544E-03     1.57593E-03    -903.746E-06    -903.789E-06
            5421               1     1.44647E-03     1.45609E-03    -832.602E-06    -838.524E-06
            5422               1     977.953E-06     1.01532E-03    -562.226E-06    -584.260E-06
            5423               1     1.15698E-03     1.17003E-03    -613.081E-06    -624.962E-06
            5424               1     1.41265E-03     1.41868E-03    -813.986E-06    -817.945E-06
            5425               1     1.48399E-03     1.48003E-03    -856.034E-06    -853.773E-06
            5426               1     1.56885E-03     1.56601E-03    -905.385E-06    -903.828E-06
            5427               1     1.56885E-03     1.56601E-03    -905.385E-06    -903.828E-06
            5428               1     1.48399E-03     1.48003E-03    -856.034E-06    -853.773E-06
            5429               1     1.41265E-03     1.41868E-03    -813.986E-06    -817.945E-06
            5430               1     1.15698E-03     1.17003E-03    -613.081E-06    -624.962E-06
            6229               1     113.324E-03     102.326E-03    -22.2738E-03    -22.3539E-03
            6230               1     77.1576E-03     69.7983E-03    -17.5313E-03    -19.3594E-03
            6231               1     54.5171E-03     49.6052E-03    -12.5321E-03    -13.2454E-03
            6232               1     35.1023E-03     32.9571E-03    -11.1419E-03    -12.1207E-03
            6233               1     20.3985E-03     20.7145E-03    -10.0301E-03    -10.7284E-03
            6234               1     19.4636E-03     20.3604E-03    -9.83504E-03    -10.5012E-03
            6235               1     35.8945E-03     34.9318E-03    -11.9770E-03    -12.6525E-03
            6236               1     63.7917E-03     61.5026E-03    -14.6326E-03    -13.5548E-03
            6237               1     101.864E-03     103.631E-03    -12.6120E-03    -10.4369E-03
            6238               1     82.4028E-03     83.1547E-03    -16.9075E-03    -18.2306E-03
            6239               1     57.0063E-03     56.5493E-03    -15.2744E-03    -17.4382E-03
            6240               1     40.1690E-03     40.5622E-03    -14.2028E-03    -15.8610E-03
            6241               1     25.6326E-03     27.8399E-03    -13.4894E-03    -15.2677E-03
            6242               1     24.3809E-03     27.0468E-03    -13.2549E-03    -14.6626E-03
            6243               1     40.4205E-03     42.5000E-03    -13.6595E-03    -14.1003E-03
            6244               1     58.9276E-03     59.0153E-03    -9.76455E-03    -8.39418E-03
            6245               1     96.0407E-03     93.7401E-03    -9.12530E-03    -8.02524E-03
            6246               1     77.3565E-03     78.3119E-03    -13.4167E-03    -12.3454E-03
            6247               1     60.3305E-03     62.0829E-03    -16.0702E-03    -17.4365E-03
            6248               1     41.2620E-03     42.6498E-03    -15.6215E-03    -17.4454E-03
            6249               1     29.4493E-03     31.5521E-03    -15.3692E-03    -16.9689E-03
            6250               1     27.3563E-03     30.1139E-03    -14.7806E-03    -16.0733E-03
            6251               1     36.9749E-03     37.8855E-03    -12.2148E-03    -12.0677E-03
            6252               1     53.1836E-03     53.3217E-03    -8.50987E-03    -8.02735E-03
            6253               1     91.4563E-03     90.6966E-03    -9.28003E-03    -8.44574E-03
            6254               1     74.6489E-03     73.9930E-03    -12.6964E-03    -12.3953E-03
            6255               1     57.7900E-03     58.3970E-03    -14.9970E-03    -15.0382E-03
            6256               1     43.3320E-03     44.7130E-03    -16.4385E-03    -17.5368E-03
            6257               1     30.3086E-03     31.7983E-03    -16.0237E-03    -17.2294E-03
            6258               1     26.5209E-03     27.8561E-03    -14.6759E-03    -15.3563E-03
            6259               1     34.7022E-03     35.7576E-03    -12.3086E-03    -12.6675E-03
            6260               1     49.9609E-03     49.5649E-03    -9.15849E-03    -8.86282E-03
            6261               1     87.5765E-03     85.8187E-03    -8.20954E-03    -7.91324E-03
            6262               1     71.4884E-03     71.3098E-03    -12.4623E-03    -12.1006E-03
            6263               1     56.5913E-03     56.6129E-03    -15.0240E-03    -15.0542E-03
            6264               1     42.2490E-03     42.4755E-03    -16.0657E-03    -16.2900E-03
            6265               1     31.1198E-03     31.6548E-03    -16.2258E-03    -16.6916E-03
            6266               1     26.1457E-03     27.3010E-03    -14.7267E-03    -15.3078E-03
            6267               1     32.8105E-03     33.3668E-03    -12.4881E-03    -12.8300E-03
            6268               1     46.1020E-03     46.0373E-03    -8.71253E-03    -8.88442E-03
            6269               1     82.7695E-03     81.8901E-03    -8.40481E-03    -8.35540E-03
            6270               1     68.4630E-03     67.9961E-03    -12.0498E-03    -11.9625E-03
            6271               1     54.6436E-03     54.6567E-03    -14.7213E-03    -14.3645E-03
            6272               1     41.8275E-03     41.4865E-03    -16.1546E-03    -15.8675E-03
            6273               1     30.9351E-03     30.4773E-03    -15.9304E-03    -15.7953E-03
            6274               1     26.2772E-03     26.4826E-03    -14.9471E-03    -15.0531E-03
            6275               1     30.2234E-03     31.3504E-03    -12.2685E-03    -12.7389E-03
            6276               1     42.6380E-03     42.3095E-03    -8.93202E-03    -9.44089E-03
            6277               1     78.5507E-03     77.5552E-03    -7.66023E-03    -8.17018E-03
            6278               1     65.1412E-03     65.3791E-03    -11.9833E-03    -11.9594E-03
            6279               1     52.7593E-03     52.9121E-03    -14.5739E-03    -14.1548E-03
            6280               1     40.7643E-03     40.0367E-03    -15.6251E-03    -14.6234E-03
            6281               1     31.0050E-03     29.2692E-03    -16.0894E-03    -15.1248E-03
            6282               1     25.8693E-03     25.6632E-03    -14.8425E-03    -14.6834E-03
            6283               1     29.1456E-03     29.7240E-03    -12.6265E-03    -12.9941E-03
            6284               1     38.5704E-03     39.4823E-03    -8.77444E-03    -9.56509E-03
            6285               1     73.0232E-03     73.0293E-03    -7.63946E-03    -8.48265E-03
            6286               1     62.2099E-03     63.3176E-03    -11.6670E-03    -12.1499E-03
            6287               1     50.8231E-03     51.2011E-03    -13.8088E-03    -12.7363E-03
            6288               1     38.9861E-03     37.7326E-03    -15.2606E-03    -13.8328E-03
            6289               1     30.3923E-03     28.0070E-03    -15.7961E-03    -14.1637E-03
            6290               1     27.1491E-03     24.9709E-03    -15.5614E-03    -14.2501E-03
            6291               1     27.5059E-03     29.4779E-03    -12.9836E-03    -13.5796E-03
            6292               1     35.4754E-03     35.3244E-03    -8.75474E-03    -10.2366E-03
            6293               1     68.5856E-03     69.2349E-03    -5.90462E-03    -7.76060E-03
            6294               1     58.6696E-03     59.8688E-03    -9.88546E-03    -9.60973E-03
            6295               1     47.0796E-03     46.3672E-03    -12.9848E-03    -11.7141E-03
            6296               1     37.7640E-03     36.4193E-03    -15.2090E-03    -13.5580E-03
            6297               1     30.0314E-03     28.0381E-03    -15.9001E-03    -14.3596E-03
            6298               1     27.5885E-03     24.3910E-03    -15.8103E-03    -13.9937E-03
            6299               1     29.4323E-03     27.3958E-03    -14.4960E-03    -13.1343E-03
            6300               1     29.4371E-03     33.8590E-03    -8.92371E-03    -10.9647E-03
            6301               1     59.4101E-03     57.0489E-03     91.6535E-06    -1.23209E-03
            6302               1     51.7825E-03     48.4666E-03    -8.45959E-03    -7.86038E-03
            6303               1     44.5625E-03     42.7094E-03    -13.6399E-03    -12.9810E-03
            6304               1     36.8298E-03     36.1679E-03    -15.9218E-03    -15.2671E-03
            6305               1     31.8678E-03     31.3872E-03    -17.3035E-03    -16.4201E-03
            6306               1     28.8268E-03     27.6346E-03    -16.5607E-03    -15.9014E-03
            6307               1     30.1987E-03     25.3678E-03    -15.0537E-03    -13.7864E-03
            6308               1     27.3839E-03     19.7312E-03    -9.15677E-03    -8.48119E-03
            6309               1     79.3132E-03     71.1519E-03    -16.8345E-03    -17.1292E-03
            6310               1     54.0583E-03     48.9658E-03    -14.3027E-03    -15.6520E-03
            6311               1     38.8970E-03     35.3955E-03    -11.1510E-03    -11.6029E-03
            6312               1     26.7790E-03     25.3213E-03    -10.3586E-03    -11.0239E-03
            6313               1     18.3763E-03     18.3718E-03    -9.66238E-03    -10.0559E-03
            6314               1     17.2733E-03     18.1755E-03    -9.39024E-03    -9.80273E-03
            6315               1     26.6898E-03     26.8565E-03    -10.7732E-03    -11.0505E-03
            6316               1     45.0200E-03     44.7276E-03    -12.0082E-03    -11.0047E-03
            6317               1     69.4383E-03     70.8030E-03    -10.2546E-03    -8.81060E-03
            6318               1     57.1746E-03     57.5941E-03    -13.9623E-03    -14.9626E-03
            6319               1     40.6282E-03     40.3526E-03    -13.1059E-03    -14.6026E-03
            6320               1     30.5230E-03     30.6763E-03    -12.5681E-03    -13.5903E-03
            6321               1     22.1902E-03     23.6024E-03    -12.0888E-03    -13.2294E-03
            6322               1     21.1728E-03     22.7814E-03    -11.8940E-03    -12.6695E-03
            6323               1     30.1050E-03     31.4346E-03    -12.0241E-03    -12.1082E-03
            6324               1     41.0670E-03     40.6353E-03    -8.38493E-03    -7.64231E-03
            6325               1     64.5573E-03     62.7230E-03    -7.80162E-03    -7.03584E-03
            6326               1     52.8813E-03     53.3884E-03    -11.5436E-03    -10.7520E-03
            6327               1     42.8218E-03     43.9360E-03    -13.7995E-03    -14.6847E-03
            6328               1     31.4199E-03     32.4061E-03    -13.6250E-03    -14.8171E-03
            6329               1     24.9671E-03     26.2433E-03    -13.5041E-03    -14.4752E-03
            6330               1     23.3345E-03     25.0099E-03    -13.0170E-03    -13.8011E-03
            6331               1     27.2821E-03     27.7617E-03    -10.7615E-03    -10.7588E-03
            6332               1     35.8311E-03     36.2996E-03    -7.47464E-03    -7.32993E-03
            6333               1     60.3973E-03     59.9433E-03    -7.90152E-03    -7.30176E-03
            6334               1     50.5308E-03     49.9014E-03    -11.0245E-03    -10.7494E-03
            6335               1     40.7628E-03     41.0427E-03    -13.0781E-03    -13.0150E-03
            6336               1     32.8880E-03     33.7834E-03    -14.2923E-03    -14.9728E-03
            6337               1     25.6930E-03     26.7102E-03    -14.0240E-03    -14.8002E-03
            6338               1     22.7175E-03     23.6636E-03    -12.8553E-03    -13.3682E-03
            6339               1     25.4538E-03     26.3429E-03    -10.8086E-03    -11.1487E-03
            6340               1     33.2946E-03     32.9745E-03    -7.98594E-03    -7.88182E-03
            6341               1     56.9891E-03     55.6960E-03    -7.17699E-03    -6.90887E-03
            6342               1     47.7723E-03     47.6163E-03    -10.8487E-03    -10.5156E-03
            6343               1     39.7571E-03     39.6259E-03    -13.1173E-03    -13.0515E-03
            6344               1     32.1073E-03     32.2254E-03    -14.0683E-03    -14.1753E-03
            6345               1     26.2033E-03     26.6458E-03    -14.1644E-03    -14.4980E-03
            6346               1     22.5445E-03     23.4244E-03    -12.9072E-03    -13.3776E-03
            6347               1     24.1081E-03     24.6066E-03    -10.9066E-03    -11.2529E-03
            6348               1     29.9823E-03     30.1679E-03    -7.68402E-03    -7.89910E-03
            6349               1     52.7713E-03     52.3091E-03    -7.29879E-03    -7.18345E-03
            6350               1     45.2385E-03     44.7827E-03    -10.5864E-03    -10.4282E-03
            6351               1     38.1588E-03     38.0647E-03    -12.9172E-03    -12.6108E-03
            6352               1     31.7951E-03     31.5024E-03    -14.1317E-03    -13.9203E-03
            6353               1     26.0891E-03     25.8802E-03    -13.9716E-03    -13.9271E-03
            6354               1     22.6981E-03     22.9788E-03    -13.0558E-03    -13.2269E-03
            6355               1     22.2839E-03     23.2270E-03    -10.7730E-03    -11.1968E-03
            6356               1     27.2030E-03     27.1178E-03    -7.82196E-03    -8.24988E-03
            6357               1     49.2086E-03     48.4749E-03    -6.86218E-03    -7.10943E-03
            6358               1     42.4499E-03     42.6405E-03    -10.5572E-03    -10.4610E-03
            6359               1     36.6963E-03     36.6006E-03    -12.8012E-03    -12.4575E-03
            6360               1     30.9239E-03     30.3470E-03    -13.7651E-03    -13.1320E-03
            6361               1     26.1984E-03     25.1727E-03    -14.0830E-03    -13.4986E-03
            6362               1     22.4985E-03     22.4423E-03    -12.9715E-03    -12.9510E-03
            6363               1     21.6769E-03     22.1759E-03    -11.0285E-03    -11.3686E-03
            6364               1     24.0229E-03     24.8952E-03    -7.77043E-03    -8.34137E-03
            6365               1     44.4637E-03     44.7999E-03    -6.83616E-03    -7.28684E-03
            6366               1     40.1174E-03     40.6493E-03    -10.3970E-03    -10.5950E-03
            6367               1     35.0778E-03     35.2076E-03    -12.3219E-03    -11.6832E-03
            6368               1     29.6254E-03     28.8683E-03    -13.3831E-03    -12.5385E-03
            6369               1     25.5808E-03     24.0572E-03    -13.7873E-03    -12.7348E-03
            6370               1     23.5479E-03     22.0821E-03    -13.5674E-03    -12.7176E-03
            6371               1     20.8782E-03     22.0797E-03    -11.2939E-03    -11.7401E-03
            6372               1     21.5982E-03     21.8284E-03    -7.66299E-03    -8.74885E-03
            6373               1     40.7055E-03     40.8620E-03    -5.93571E-03    -7.02852E-03
            6374               1     37.0947E-03     38.1249E-03    -9.40609E-03    -9.40929E-03
            6375               1     32.4306E-03     32.3180E-03    -11.5742E-03    -10.9158E-03
            6376               1     28.4997E-03     27.6864E-03    -13.1698E-03    -12.1199E-03
            6377               1     25.0500E-03     23.9445E-03    -13.6268E-03    -12.6890E-03
            6378               1     23.5900E-03     21.5136E-03    -13.5922E-03    -12.3529E-03
            6379               1     23.0246E-03     21.2169E-03    -12.7069E-03    -11.6580E-03
            6380               1     17.6703E-03     20.9369E-03    -7.97703E-03    -9.35811E-03
            6381               1     32.2045E-03     32.5952E-03    -2.48728E-03    -3.57780E-03
            6382               1     32.4613E-03     31.5300E-03    -8.37616E-03    -8.19556E-03
            6383               1     30.5071E-03     29.9436E-03    -11.7311E-03    -11.3227E-03
            6384               1     27.6529E-03     27.6562E-03    -13.3014E-03    -12.9428E-03
            6385               1     25.7989E-03     25.5780E-03    -14.2675E-03    -13.6716E-03
            6386               1     23.7813E-03     23.3079E-03    -13.7156E-03    -13.2990E-03
            6387               1     23.5741E-03     21.0067E-03    -12.9455E-03    -12.0161E-03
            6388               1     17.8855E-03     14.3601E-03    -8.92076E-03    -8.15218E-03
            6389               1     48.4657E-03     42.9745E-03    -11.6982E-03    -12.1834E-03
            6390               1     33.2691E-03     30.3760E-03    -11.0999E-03    -12.0254E-03
            6391               1     24.9671E-03     22.9042E-03    -9.61474E-03    -9.84216E-03
            6392               1     19.4254E-03     18.7392E-03    -9.39667E-03    -9.77694E-03
            6393               1     16.2825E-03     16.1519E-03    -9.14068E-03    -9.25791E-03
            6394               1     15.8358E-03     16.5284E-03    -8.87713E-03    -9.04787E-03
            6395               1     20.2516E-03     20.9528E-03    -9.72276E-03    -9.63907E-03
            6396               1     30.0199E-03     31.3153E-03    -9.82431E-03    -8.87878E-03
            6397               1     40.3416E-03     41.3520E-03    -7.94814E-03    -7.18212E-03
            6398               1     34.5651E-03     34.8067E-03    -11.0320E-03    -11.7661E-03
            6399               1     26.1018E-03     26.0893E-03    -10.9029E-03    -11.8099E-03
            6400               1     21.9155E-03     21.9019E-03    -10.8595E-03    -11.3240E-03
            6401               1     18.7717E-03     19.5013E-03    -10.6628E-03    -11.2078E-03
            6402               1     18.6086E-03     19.2008E-03    -10.5796E-03    -10.7682E-03
            6403               1     22.6489E-03     23.1336E-03    -10.5397E-03    -10.2786E-03
            6404               1     26.9427E-03     26.1779E-03    -7.16504E-03    -6.98137E-03
            6405               1     36.4456E-03     35.0795E-03    -6.44365E-03    -6.00394E-03
            6406               1     31.1705E-03     31.2635E-03    -9.63753E-03    -9.12961E-03
            6407               1     27.3283E-03     27.9312E-03    -11.4769E-03    -11.9668E-03
            6408               1     22.6822E-03     23.2821E-03    -11.6197E-03    -12.2375E-03
            6409               1     20.5664E-03     21.1275E-03    -11.6364E-03    -12.0490E-03
            6410               1     20.0626E-03     20.7410E-03    -11.3217E-03    -11.6103E-03
            6411               1     20.3582E-03     20.5187E-03    -9.40249E-03    -9.48410E-03
            6412               1     22.3330E-03     23.1522E-03    -6.53379E-03    -6.70673E-03
            6413               1     32.8766E-03     32.6489E-03    -6.50649E-03    -6.17990E-03
            6414               1     29.2260E-03     28.7010E-03    -9.27301E-03    -9.06149E-03
            6415               1     25.9281E-03     25.8636E-03    -11.1314E-03    -10.9926E-03
            6416               1     23.5639E-03     24.0809E-03    -12.0841E-03    -12.4429E-03
            6417               1     21.1897E-03     21.7393E-03    -12.0516E-03    -12.4188E-03
            6418               1     19.4544E-03     20.0692E-03    -11.0808E-03    -11.4298E-03
            6419               1     19.0383E-03     19.6580E-03    -9.38653E-03    -9.67432E-03
            6420               1     20.7079E-03     20.4849E-03    -7.00513E-03    -6.99443E-03
            6421               1     29.9488E-03     29.1483E-03    -6.10869E-03    -5.86870E-03
            6422               1     27.1722E-03     26.8791E-03    -9.20458E-03    -8.93364E-03
            6423               1     25.1067E-03     24.9320E-03    -11.0947E-03    -11.0136E-03
            6424               1     23.2448E-03     23.2389E-03    -12.0756E-03    -12.0879E-03
            6425               1     21.3117E-03     21.7859E-03    -12.0583E-03    -12.3512E-03
            6426               1     19.3723E-03     19.9755E-03    -11.1277E-03    -11.4662E-03
            6427               1     18.2497E-03     18.6666E-03    -9.47281E-03    -9.75054E-03
            6428               1     18.1524E-03     18.4728E-03    -6.76596E-03    -7.03464E-03
            6429               1     26.7325E-03     26.3768E-03    -6.16357E-03    -6.05742E-03
            6430               1     25.1005E-03     24.6845E-03    -9.01883E-03    -8.79837E-03
            6431               1     24.2723E-03     23.8982E-03    -11.1227E-03    -10.8835E-03
            6432               1     22.9297E-03     22.9059E-03    -12.0048E-03    -12.0068E-03
            6433               1     21.3787E-03     21.4540E-03    -12.0526E-03    -12.1164E-03
            6434               1     19.3466E-03     19.8885E-03    -11.1591E-03    -11.4736E-03
            6435               1     17.1580E-03     17.7397E-03    -9.30817E-03    -9.65739E-03
            6436               1     16.4247E-03     16.5379E-03    -7.02433E-03    -7.14504E-03
            6437               1     23.7158E-03     23.3763E-03    -6.08289E-03    -5.94092E-03
            6438               1     23.4653E-03     23.0990E-03    -9.12005E-03    -8.93583E-03
            6439               1     23.1360E-03     22.8431E-03    -10.9728E-03    -10.7512E-03
            6440               1     22.8007E-03     22.4061E-03    -12.0377E-03    -11.8098E-03
            6441               1     21.3592E-03     21.3479E-03    -11.9998E-03    -12.0167E-03
            6442               1     19.2383E-03     19.4900E-03    -11.0986E-03    -11.2490E-03
            6443               1     16.8005E-03     17.3749E-03    -9.45670E-03    -9.76294E-03
            6444               1     14.4747E-03     14.8139E-03    -6.76514E-03    -7.16097E-03
            6445               1     20.8807E-03     20.5683E-03    -6.05453E-03    -6.11840E-03
            6446               1     21.5130E-03     21.4859E-03    -9.01359E-03    -8.88286E-03
            6447               1     22.5093E-03     22.1192E-03    -11.0029E-03    -10.7113E-03
            6448               1     22.1693E-03     21.7940E-03    -11.8377E-03    -11.5501E-03
            6449               1     21.4166E-03     20.9016E-03    -12.0035E-03    -11.7026E-03
            6450               1     19.4128E-03     19.4879E-03    -11.1581E-03    -11.2247E-03
            6451               1     16.3968E-03     16.8605E-03    -9.39106E-03    -9.67620E-03
            6452               1     13.1979E-03     13.8023E-03    -6.93289E-03    -7.25067E-03
            6453               1     17.4683E-03     17.9285E-03    -5.98111E-03    -6.06684E-03
            6454               1     20.3268E-03     20.2365E-03    -9.12245E-03    -9.05618E-03
            6455               1     21.4357E-03     21.3823E-03    -10.7679E-03    -10.5508E-03
            6456               1     21.4030E-03     21.0999E-03    -11.4691E-03    -11.1380E-03
            6457               1     20.8854E-03     20.1149E-03    -11.7730E-03    -11.2352E-03
            6458               1     20.0540E-03     19.2701E-03    -11.5013E-03    -11.0328E-03
            6459               1     16.7779E-03     17.2256E-03    -9.66800E-03    -9.94275E-03
            6460               1     11.8701E-03     12.8272E-03    -6.57170E-03    -7.30788E-03
            6461               1     15.1154E-03     15.0124E-03    -5.96594E-03    -6.33384E-03
            6462               1     18.6627E-03     19.5155E-03    -8.89687E-03    -9.16772E-03
            6463               1     20.0042E-03     20.3907E-03    -10.1653E-03    -10.0802E-03
            6464               1     20.3822E-03     20.0026E-03    -11.1121E-03    -10.6232E-03
            6465               1     20.0672E-03     19.6922E-03    -11.3120E-03    -10.9051E-03
            6466               1     19.7899E-03     18.6931E-03    -11.3849E-03    -10.6414E-03
            6467               1     18.7987E-03     17.5983E-03    -10.8237E-03    -10.0432E-03
            6468               1     12.4759E-03     13.5297E-03    -7.02454E-03    -7.79952E-03
            6469               1     9.95285E-03     12.4038E-03    -5.05794E-03    -5.89615E-03
            6470               1     16.7242E-03     17.6930E-03    -8.32664E-03    -8.54544E-03
            6471               1     18.6145E-03     18.8549E-03    -9.82266E-03    -9.65790E-03
            6472               1     19.4110E-03     19.7771E-03    -10.6843E-03    -10.5960E-03
            6473               1     19.7697E-03     19.6906E-03    -11.2374E-03    -10.8999E-03
            6474               1     18.8039E-03     18.8933E-03    -10.8119E-03    -10.6073E-03
            6475               1     18.7021E-03     18.0632E-03    -10.7934E-03    -10.1522E-03
            6476               1     15.0089E-03     15.9322E-03    -8.48001E-03    -7.62675E-03
            6477               1     18.0877E-03     15.5930E-03    -6.93577E-03    -7.51451E-03
            6478               1     16.0741E-03     15.4198E-03    -8.47886E-03    -8.78642E-03
            6479               1     15.6406E-03     14.6505E-03    -8.57992E-03    -8.42738E-03
            6480               1     15.4126E-03     15.1621E-03    -8.65437E-03    -8.75243E-03
            6481               1     15.2993E-03     14.9351E-03    -8.68285E-03    -8.60559E-03
            6482               1     14.3371E-03     14.7609E-03    -8.23834E-03    -8.42535E-03
            6483               1     14.3013E-03     14.7102E-03    -8.25545E-03    -8.20618E-03
            6484               1     13.7284E-03     15.2204E-03    -7.04874E-03    -6.30794E-03
            6485               1     12.8479E-03     12.7774E-03    -6.33684E-03    -5.54272E-03
            6486               1     16.4893E-03     16.0349E-03    -8.92986E-03    -8.87942E-03
            6487               1     16.0358E-03     16.1260E-03    -9.04352E-03    -9.24379E-03
            6488               1     15.7817E-03     15.5493E-03    -8.97160E-03    -8.92781E-03
            6489               1     15.4468E-03     15.5295E-03    -8.89396E-03    -8.96587E-03
            6490               1     15.8449E-03     15.6753E-03    -9.13551E-03    -9.04167E-03
            6491               1     15.0722E-03     15.5613E-03    -8.66645E-03    -8.80044E-03
            6492               1     10.8774E-03     11.4885E-03    -5.37619E-03    -6.21219E-03
            6493               1     11.2342E-03     9.62832E-03    -5.98249E-03    -5.31962E-03
            6494               1     15.2387E-03     15.1764E-03    -8.55441E-03    -8.31858E-03
            6495               1     15.9955E-03     16.5845E-03    -9.08196E-03    -9.21952E-03
            6496               1     15.7493E-03     15.7803E-03    -9.06594E-03    -9.01577E-03
            6497               1     15.6570E-03     15.8444E-03    -9.03569E-03    -9.10320E-03
            6498               1     16.1503E-03     15.8477E-03    -9.27452E-03    -9.14432E-03
            6499               1     15.0980E-03     15.0547E-03    -8.64775E-03    -8.64913E-03
            6500               1     9.21335E-03     10.9383E-03    -5.31642E-03    -6.23347E-03
            6501               1     10.0411E-03     10.8240E-03    -5.54979E-03    -6.18313E-03
            6502               1     13.9518E-03     14.9316E-03    -7.98103E-03    -8.12556E-03
            6503               1     15.1301E-03     15.3973E-03    -8.71063E-03    -8.48778E-03
            6504               1     15.7771E-03     16.3975E-03    -9.10819E-03    -9.19890E-03
            6505               1     16.0464E-03     16.0525E-03    -9.23594E-03    -9.15762E-03
            6506               1     15.2376E-03     15.4330E-03    -8.71748E-03    -8.85885E-03
            6507               1     14.9074E-03     14.4895E-03    -8.47550E-03    -8.31477E-03
            6508               1     11.6281E-03     11.8185E-03    -6.68866E-03    -5.96531E-03
